18 87 3 10 0
18 84 2 338 0
18 82 2 25 0
18 81 2 23 0
14 92 2 359 0.3
13 94 3 11 5.7
13 95 3 360 5.5
12 90 4 354 0.4
12 89 2 330 0.1
12 88 3 345 0.1
12 86 3 3 0
12 86 1 329 0
12 85 2 343 0
12 84 2 350 0
12 88 1 326 0
12 88 1 308 0
13 82 1 35 0
13 79 2 327 0
14 75 2 34 0
14 76 2 30 0
14 78 2 35 0
14 79 2 359 0
15 69 2 24 0
15 70 2 49 0
15 68 2 91 0
15 68 2 50 0
14 67 2 72 0
14 69 2 77 0
14 72 1 117 0
14 76 1 311 0
14 79 1 292 0
11 95 2 294 3.7
11 96 1 341 0.5
11 96 1 281 0
11 96 1 278 0.3
11 96 1 304 0
11 96 1 274 0
11 96 1 212 0
11 96 1 260 0
11 95 2 303 0
12 94 1 271 0
12 90 2 298 0
14 79 2 308 0
15 72 2 304 0
17 66 2 282 0
17 64 2 295 0
17 65 2 213 0
17 67 2 185 0
17 67 2 205 0
15 76 1 224 0
14 82 2 195 0
14 85 2 216 0
13 86 2 212 0
13 91 2 202 0
12 92 2 199 0
10 57 2 105 0
9 54 2 99 0
9 52 2 115 0
15 27 3 95 0
15 25 3 64 0
16 30 3 54 0
16 35 2 78 0
15 38 3 67 0
15 39 3 69 0
14 44 3 61 0
12 53 2 85 0
11 60 3 84 0
11 65 1 79 0
10 69 2 85 0
10 69 2 93 0
10 68 1 137 0
9 70 1 142 0
8 78 1 67 0
8 81 1 75 0
8 81 1 47 0
7 80 1 323 0
7 85 2 316 0
9 76 1 10 0
10 70 1 182 0
11 64 2 88 0
15 53 2 127 0
15 48 2 60 0
17 47 3 152 0
15 52 2 84 0
15 53 2 143 0
15 59 2 86 0
14 63 2 98 0
13 70 1 96 0.1
12 81 1 97 0.9
11 89 2 107 0.5
11 93 1 85 1.8
11 94 1 88 3.9
11 95 1 206 3.4
11 95 1 87 2.8
11 95 1 89 1.7
11 95 1 354 0.6
11 95 2 43 1.1
11 96 1 31 0.9
11 96 1 85 0.4
11 95 2 4 0
11 95 1 345 0
11 95 2 344 0
11 96 2 342 0.1
11 94 1 354 0
12 91 1 333 0
12 92 1 343 0
11 94 2 16 0.1
12 92 2 266 0
12 91 1 281 0
12 92 1 322 0
12 88 2 12 0
13 84 1 42 0
13 85 1 139 0
12 91 1 131 0
12 92 1 83 0
12 92 1 95 0
12 91 1 70 0
12 93 1 236 0
11 95 1 206 0
11 95 2 221 0
10 95 2 216 0
10 96 2 210 0
10 97 3 205 0
10 97 3 204 0
10 96 3 205 0
11 92 2 197 0
12 83 2 215 0
15 74 2 217 0
16 69 3 186 0
19 58 2 174 0
21 50 2 160 0
21 46 2 168 0
20 50 2 154 0
19 56 2 185 0
17 61 2 193 0
17 61 1 191 0
16 67 1 345 0
15 72 1 341 0
14 80 1 328 0
14 79 1 316 0
13 86 1 256 0
12 90 1 226 0
12 94 1 223 0
11 94 1 183 0
11 93 1 181 0
11 94 1 198 0
12 92 2 169 0
14 83 2 170 0
16 71 2 165 0
19 61 2 144 0
21 53 1 222 0
24 44 2 133 0
24 43 2 102 0
23 45 2 35 0
20 59 2 77 0
19 66 1 101 0.2
15 91 1 205 0.3
15 93 1 330 0.3
15 94 1 299 0
15 95 2 306 0
15 92 0 999017 0
15 94 2 310 0.1
15 96 2 329 6
15 97 0 999017 5.2
15 97 1 187 2.6
15 97 2 86 2.2
15 97 2 118 1.8
15 96 2 182 2.9
15 95 1 338 2.9
16 93 1 154 0
16 88 1 216 0
19 77 2 170 0
21 72 2 169 0
20 74 2 197 0
20 73 1 138 0
21 72 1 166 0
20 79 1 263 0
19 84 1 154 0
19 84 1 189 0
18 87 1 170 0
18 88 1 193 0
16 94 0 999017 0
16 96 2 202 0
16 97 2 182 0
16 95 2 198 0
16 94 2 203 0
16 94 3 195 0
16 94 2 189 0
18 85 2 200 0
21 76 2 184 0
24 66 2 187 0
26 58 3 164 0
27 54 3 198 0
28 53 3 206 0
29 50 3 209 0
30 48 3 207 0
30 48 4 209 0
29 49 2 218 0
28 54 2 222 0
26 60 2 214 0
25 63 1 197 0
24 68 1 160 0
23 72 1 215 0
23 74 1 284 0
22 78 1 176 0
21 82 2 190 0
21 84 2 199 0
20 86 2 192 0
20 87 3 189 0
20 87 2 187 0
20 87 2 188 0
20 85 2 178 0
23 76 2 192 0
25 69 2 164 0
26 63 2 172 0
28 55 2 175 0
30 49 2 181 0
32 43 2 163 0
30 52 2 73 0
29 52 2 85 0
27 56 3 89 0
25 64 2 91 0
24 70 2 61 0
22 75 2 87 0
21 78 2 89 0
20 82 1 85 0
19 87 1 218 0
18 88 1 206 0
18 90 1 174 0
19 88 2 187 0
22 80 2 179 0
24 73 2 180 0
26 62 2 184 0
29 53 2 181 0
31 43 5 210 0
32 41 5 201 0
32 38 4 207 0
33 37 4 208 0
32 41 3 211 0
32 40 3 206 0
32 42 3 218 0
30 47 2 325 0
25 66 4 349 0
21 89 2 329 1.2
20 95 1 216 13.6
21 96 1 284 1.6
21 92 3 30 0
18 94 3 33 9.4
17 94 2 14 9.5
17 93 2 44 0.7
16 91 2 23 0.5
16 93 2 48 1.7
15 94 3 64 3.1
15 92 2 28 0.8
15 92 2 52 2
14 88 3 39 0.5
15 86 2 47 0
15 89 2 333 0.3
15 86 2 47 0.2
15 90 2 32 0.4
15 85 2 38 0.2
14 90 2 64 0
14 93 2 104 0
13 90 3 76 0
13 89 3 90 0
13 88 2 120 0
13 86 2 94 0
13 86 2 93 0
13 87 2 83 0
13 88 3 93 0
13 90 2 77 0
13 93 2 71 0
13 93 2 125 0
13 96 2 106 0
13 96 1 118 0.2
13 97 1 68 0.1
13 97 3 333 0
14 97 2 202 0.1
14 92 2 218 0
16 84 2 178 0
17 83 2 190 0
18 85 2 184 0
18 86 1 32 0.3
18 91 1 29 0.3
19 86 2 355 0.1
20 83 2 339 0
19 82 1 352 0
18 85 2 336 0
18 87 2 58 0
17 91 2 103 0
16 90 1 65 0
16 90 2 24 0.2
16 90 2 338 0
16 91 1 330 0
16 92 1 134 0
16 87 2 7 0
15 91 2 344 0.8
15 96 2 81 6.9
15 96 2 162 3.4
15 97 1 120 2.2
15 97 1 338 0
15 96 2 355 0
16 96 1 12 0
16 94 1 276 0
17 91 2 36 0
17 90 2 43 0
18 87 2 21 0
18 88 3 21 0
17 88 3 52 0
17 89 2 69 0
17 91 2 32 0
16 95 3 7 0
15 95 3 354 0.1
14 95 3 356 0.3
13 94 3 358 0
13 92 3 16 0
13 91 3 15 3.7
12 96 1 133 21.1
12 94 3 5 4.4
12 93 3 6 0.8
11 93 2 5 3
11 94 2 30 8.5
11 95 3 10 7.3
11 95 2 7 2.6
11 95 2 8 7.7
11 96 2 57 13.4
11 95 2 333 0.1
12 88 3 335 0.1
12 88 3 27 0
11 92 2 26 0
11 90 3 26 0
11 87 3 25 0.1
11 91 2 24 0
11 93 2 15 0.1
10 91 3 7 0.1
10 92 3 2 1.1
10 93 2 337 0.8
10 94 3 18 4.6
10 93 3 42 2.3
10 93 2 0 4.7
10 93 3 31 2.1
9 92 4 21 1.4
9 91 4 32 0.3
9 91 3 17 0.5
8 92 3 13 1.5
8 92 3 22 1.1
7 90 2 37 1.1
8 87 2 14 0
7 89 2 351 0.5
7 89 3 17 2.6
7 83 3 21 1.8
7 85 2 357 0.3
7 85 3 34 0.9
7 88 2 358 2.2
6 87 3 7 2.3
6 85 2 53 1.2
6 87 3 22 2.6
6 88 3 349 1.3
6 90 3 356 1.8
5 91 2 359 2.4
5 90 3 341 0.5
5 92 2 343 0
5 93 2 326 0.1
5 86 3 1 0
5 86 2 23 0
5 84 1 331 0
5 87 3 341 0.1
5 88 2 340 0
5 85 2 333 1.6
5 86 2 344 1.7
5 85 2 347 0
5 82 1 330 0
6 76 2 345 0
8 68 2 9 0
9 60 3 13 0
10 52 2 37 0
11 47 1 299 0
12 46 2 22 0
12 46 2 12 0
11 48 2 64 0
11 52 2 83 0
9 61 1 29 0
10 57 1 82 0
10 58 2 72 0
10 60 1 82 0
9 70 1 72 0
9 70 1 352 0
8 73 2 79 0
8 74 2 129 0
8 78 2 136 0
8 76 2 90 0
8 78 2 80 0
7 76 1 90 0
9 68 1 131 0
10 67 2 107 0
11 63 2 116 0
12 60 2 134 0
12 56 2 62 0
12 53 2 82 0
13 53 2 27 0
13 54 2 21 0
13 52 1 350 0
12 63 2 98 0
11 61 1 88 0
11 66 2 112 0
11 72 1 89 0
10 74 1 88 0
9 84 1 271 0.1
9 90 1 300 0.1
9 88 1 155 0
9 88 1 222 0
9 88 1 291 0
9 87 1 293 0
9 90 1 326 0
9 92 1 263 0
9 92 1 324 0
10 89 2 315 0
11 80 1 307 0
14 63 1 108 0
16 51 2 107 0
17 43 2 97 0
11 72 1 63 0
11 81 2 86 0
11 78 1 48 0
10 78 1 96 0
9 83 1 120 0
9 86 1 127 0
9 88 1 334 0
8 93 1 292 0
9 91 1 326 0
11 79 1 211 0
12 70 2 65 0
14 62 2 107 0
16 55 2 45 0
16 40 2 28 0
19 33 2 75 0
19 39 2 60 0
17 52 3 83 0
16 59 3 57 0
15 68 2 55 0
14 71 2 53 0
13 72 1 39 0
13 75 1 67 0
12 78 1 233 0
11 81 1 232 0
11 82 1 272 0
11 82 1 321 0
10 88 1 272 0
12 84 2 194 0
13 80 2 194 0
15 68 2 188 0
17 57 2 153 0
21 43 2 145 0
15 71 4 330 1
14 80 4 348 1
12 79 4 335 0.7
11 84 2 3 1.6
10 90 1 232 0
11 87 2 316 0
10 87 1 315 0
11 79 1 271 0
10 88 1 253 0
10 84 1 313 0
9 87 1 264 0
12 69 3 309 0
14 52 2 320 0
15 39 3 339 0
14 34 3 329 0
15 31 3 309 0
13 42 4 357 0
13 39 4 335 0
13 35 3 225 0
12 41 2 217 0
11 47 4 350 0
10 47 2 261 0
10 49 1 266 0
10 54 2 282 0
9 54 2 245 0
9 56 2 220 0
10 52 3 234 0
9 57 2 227 0
9 55 2 274 0
9 64 2 222 0
9 56 2 221 0
10 56 2 212 0
12 51 2 308 0
13 51 2 325 0
15 44 2 328 0
17 41 2 327 0
18 38 3 332 0
19 35 3 303 0
19 29 3 297 0
20 28 2 319 0
20 27 2 283 0
17 40 1 240 0
14 44 1 220 0
14 53 2 208 0
19 47 2 222 0
19 45 3 218 0
18 51 2 217 0
17 56 2 198 0
18 51 2 228 0
17 57 2 205 0
16 62 1 216 0
17 62 2 199 0
20 54 2 179 0
22 47 2 171 0
24 41 2 220 0
26 38 3 336 0
27 38 2 325 0
27 36 2 340 0
28 37 2 325 0
27 41 3 41 0
24 50 4 41 0
23 55 4 40 0
21 60 4 24 0
19 67 3 42 0
18 60 3 69 0
18 58 3 60 0
17 52 3 93 0
16 44 2 61 0
16 48 1 93 0
15 49 2 71 0
15 55 2 107 0
14 55 2 67 0
14 60 2 70 0
14 68 2 104 0
14 69 2 111 0
16 61 2 72 0
18 56 2 134 0
20 51 2 90 0
22 49 2 152 0
24 45 2 89 0
24 43 3 54 0
24 44 2 30 0
23 46 3 51 0
21 52 2 47 0
20 57 2 53 0
19 62 2 84 0
19 66 2 50 0
18 70 1 342 0
18 75 1 350 0
18 75 1 69 0
17 79 1 130 0
17 79 2 323 0
16 81 1 187 0
16 81 2 159 0
16 80 1 168 0
16 84 2 200 0
16 81 2 183 0
17 79 2 205 0
17 79 3 223 0
24 57 2 183 0
26 51 2 175 0
27 41 2 207 0
26 41 2 221 0
25 46 2 230 0
26 43 2 232 0
19 84 1 99 0
20 80 2 93 0
24 65 1 241 0
24 67 1 258 0
25 63 1 274 0
24 65 1 206 0
23 72 1 298 0
21 88 2 313 0.4
21 93 2 323 0.1
20 94 2 315 0.1
20 94 2 337 0.6
20 96 3 346 5.2
18 93 5 337 2.8
15 93 4 358 3.8
14 94 4 4 8.5
13 92 4 360 1.1
12 90 4 356 0.3
12 87 3 348 0.1
11 90 3 356 0.3
11 92 3 339 0.5
11 92 3 344 0.3
11 89 3 346 0
11 92 2 328 0.1
11 91 2 290 0
11 93 2 328 0.1
12 93 2 327 0.2
12 92 2 327 0
12 84 2 334 0
12 83 1 297 0
13 83 2 258 0
13 81 2 260 0
12 86 1 319 0
12 85 1 308 0
12 91 1 232 0
12 90 2 316 0
12 89 1 324 0
12 90 2 316 0
11 91 2 332 0
11 94 1 290 0
10 95 2 308 0
10 94 1 280 0
10 95 1 122 0
12 89 1 233 0
13 75 1 219 0
15 45 1 184 0
17 36 1 125 0
18 41 2 120 0
19 31 2 74 0
20 33 2 97 0
19 33 2 92 0
20 31 2 85 0
19 28 2 83 0
18 35 1 97 0
16 47 2 110 0
15 44 1 260 0
15 49 1 82 0
14 56 1 338 0
18 56 2 207 0
17 59 2 192 0
17 61 2 207 0
17 60 2 214 0
16 64 2 205 0
16 69 2 201 0
17 59 3 207 0
17 63 1 188 0
18 61 1 198 0
19 56 1 218 0
22 45 1 166 0
22 46 1 210 0
23 41 2 174 0
23 40 1 110 0
23 43 1 134 0
23 41 1 129 0
20 56 0 999017 0
19 56 1 75 0
19 61 1 88 0
18 62 1 285 0
17 67 1 197 0
18 70 1 360 0
17 74 1 297 0
17 77 1 295 0
16 79 1 290 0
15 85 1 190 0
15 84 2 344 0
14 80 1 201 0
17 69 1 182 0
19 59 1 157 0
22 53 1 131 0
15 67 2 209 0
15 64 2 199 0
15 66 2 205 0
16 66 1 167 0
17 67 2 190 0
18 62 2 195 0
21 53 2 197 0
24 47 2 143 0
26 50 2 175 0
27 45 2 187 0
28 39 2 195 0
28 43 1 91 0
27 43 2 198 0
26 48 2 158 0
25 48 3 189 0
24 53 3 200 0
24 56 3 197 0
23 59 3 198 0
23 61 3 201 0
21 68 2 205 0
21 67 2 206 0
21 68 2 217 0
21 69 2 220 0
21 71 2 216 0
20 73 2 218 0
20 74 3 216 0
20 76 2 216 0
21 72 2 209 0
23 66 3 199 0
24 59 3 219 0
26 55 3 205 0
30 42 2 192 0
30 40 2 164 0
32 27 3 210 0
31 32 1 215 0
29 35 2 198 0
27 44 2 203 0
26 51 3 207 0
26 53 2 226 0
22 65 5 4 0
21 69 4 18 0
19 80 1 252 0.3
18 84 2 220 0
17 88 1 288 0
17 91 1 357 0
17 92 3 4 0
19 85 2 354 0
20 83 2 342 0
21 78 2 327 0
23 67 2 304 0
24 59 4 345 0
25 49 4 347 0
25 46 4 350 0
26 46 2 346 0
23 61 3 36 0
21 66 4 356 0
20 69 3 54 0
19 70 2 46 0
19 72 2 31 0
19 72 2 94 0
18 71 1 96 0
17 78 1 227 0
16 83 1 250 0
16 84 0 999017 0
15 86 1 271 0
15 88 2 229 0
15 91 1 193 0
17 83 2 188 0
19 73 2 147 0
23 54 1 161 0
25 42 2 105 0
26 32 2 76 0
27 32 2 113 0
28 31 2 154 0
27 35 3 63 0
26 37 2 54 0
26 38 2 100 0
24 45 2 93 0
24 46 2 78 0
23 50 2 81 0
21 62 1 79 0
20 69 2 67 0
19 77 2 75 0
19 77 2 27 0
18 80 1 255 0
21 69 2 88 0
22 60 1 110 0
24 53 2 62 0
25 49 2 58 0
26 50 2 81 0
27 50 3 52 0
28 48 3 49 0
28 46 2 64 0
27 53 2 55 0
26 55 3 73 0
25 61 2 64 0
23 67 2 62 0
22 71 2 64 0
22 73 2 78 0
21 77 1 293 0
21 80 1 317 0
20 83 2 318 0
20 86 1 319 0
20 86 2 282 0
20 86 2 291 0
19 88 1 325 0
19 89 1 188 0
21 84 1 163 0
23 75 1 195 0
23 77 2 317 0
21 89 2 324 0.6
20 95 2 325 7.1
21 95 1 172 3.5
21 95 2 183 1.4
22 92 2 204 0.1
22 94 2 199 0.3
22 90 3 211 0
22 94 4 302 5.5
22 94 2 316 1.3
21 88 3 309 0
21 86 3 334 0
20 83 4 356 0
19 82 3 339 0
19 80 3 351 0
19 77 2 347 0
18 76 3 338 0
18 77 2 342 0
17 80 2 335 0
17 78 2 340 0
18 78 2 341 0
19 72 2 336 0
20 65 3 328 0
22 58 3 360 0
22 54 3 360 0
24 52 2 306 0
25 47 3 355 0
25 46 3 5 0
23 54 3 85 0
22 53 3 57 0
21 52 2 78 0.1
20 44 3 89 0
18 45 2 118 0
19 41 2 173 0
18 36 2 177 0
18 37 1 151 0
18 38 1 84 0
17 54 2 85 0
17 63 2 84 0
16 64 2 96 0
17 42 1 78 0
20 41 2 126 0
21 37 1 154 0
23 22 3 88 0
23 28 2 134 0
24 30 1 128 0
25 30 3 116 0
24 36 2 155 0
24 37 2 155 0
23 39 2 79 0
22 44 2 76 0
21 46 3 91 0
20 52 1 95 0
20 54 1 179 0
19 48 2 213 0
19 48 2 201 0
18 55 1 223 0
18 58 1 190 0
18 60 2 219 0
16 82 1 302 0.4
16 78 2 213 0
16 75 2 228 0
16 76 2 203 0
18 71 2 200 0
18 69 1 227 0
20 62 2 219 0
21 58 2 187 0
24 52 1 227 0
25 47 2 174 0
26 46 2 223 0
26 48 1 176 0
24 50 2 326 0
24 50 3 341 0
23 57 3 340 0
23 57 2 358 0
22 59 1 312 0
21 65 2 311 0
21 67 1 313 0
22 62 2 23 0
20 68 1 359 0
20 73 1 309 0
19 78 1 34 0
18 79 1 75 0
17 84 1 220 0
17 86 1 240 0
18 84 2 204 0
19 82 2 202 0
21 76 2 187 0
25 59 2 162 0
26 56 2 120 0
27 50 1 355 0
29 42 2 225 0
29 42 1 124 0
29 41 2 85 0
27 55 3 83 0
26 58 2 78 0
24 63 2 88 0
21 76 1 110 0
22 73 2 159 0
22 73 1 175 0
25 61 2 126 0
20 81 3 179 1.1
20 87 1 290 0.6
19 93 2 19 4.2
19 95 2 163 4.6
19 95 1 133 0.7
19 95 1 269 0.2
19 95 2 288 0.3
19 96 2 235 1.4
19 95 1 240 0
19 96 2 321 0
19 95 2 329 0
18 95 2 350 0
19 92 2 34 0.1
18 93 2 25 0.4
19 90 2 5 0.2
18 91 1 53 0.1
20 80 2 349 0.1
23 70 2 16 0
23 61 1 36 0
23 64 2 44 0
23 66 2 97 0
21 74 2 75 0
20 75 2 54 0
19 80 2 82 0
19 82 2 62 0
19 79 3 89 0
18 80 2 82 0
18 81 2 101 0
18 84 1 139 0
17 87 2 42 0
17 87 2 48 0
17 88 2 45 0
17 87 1 40 0
17 86 1 94 0
18 85 1 83 0
19 81 2 42 0
21 74 2 90 0
21 72 2 26 0
22 68 2 46 0
23 65 3 67 0
24 63 2 53 0
23 64 2 62 0
23 65 2 97 0
22 68 2 94 0
22 71 2 53 0
21 75 1 21 0
20 81 2 109 0
21 84 2 118 0
21 84 2 147 0
20 85 1 156 0
20 84 2 160 0
19 90 1 164 0.4
19 93 2 156 0.4
19 94 1 210 0.6
19 95 1 152 0.1
19 95 1 218 0.3
19 96 2 232 1
19 96 2 182 0.5
19 94 1 210 0
20 94 1 196 0.5
21 91 1 198 0
22 88 2 206 0.1
23 81 2 199 0
23 82 2 312 0
17 86 4 333 0.2
16 87 4 314 0.4
16 88 2 313 1.4
16 88 3 328 1.9
15 91 2 304 0.7
15 89 2 315 0.6
15 85 3 333 0.2
15 70 2 321 0
13 83 2 251 0
13 85 2 220 0
13 78 2 220 0
13 79 2 229 0
12 82 2 246 0
13 77 2 226 0
13 75 3 203 0
13 75 2 208 0
15 68 3 198 0
16 61 3 204 0
19 51 3 230 0
23 39 2 259 0
24 34 3 222 0
25 32 4 196 0
25 34 3 217 0
25 31 4 210 0
26 26 3 236 0
25 27 3 238 0
22 32 2 225 0
22 35 2 229 0
21 40 2 217 0
20 43 2 186 0
17 54 2 228 0
17 58 2 199 0
16 64 2 197 0
16 65 2 207 0
15 70 2 208 0
14 77 2 209 0
15 74 2 210 0
15 74 2 201 0
24 41 3 192 0
27 32 3 177 0
29 24 3 214 0
30 19 4 204 0
31 27 2 140 0
31 22 4 215 0
30 26 3 210 0
28 30 1 210 0
26 39 1 242 0
25 42 2 231 0
24 49 2 209 0
23 56 2 211 0
23 55 2 224 0
20 84 3 203 1.6
20 86 2 224 0.3
19 93 2 213 2.7
20 94 2 187 0.8
20 95 2 191 0.1
21 90 2 179 0
23 83 2 201 0
24 78 2 199 0.1
24 74 4 209 0
24 74 2 212 0
24 75 3 208 0
24 74 3 212 0
24 77 2 203 0
23 81 3 213 0
23 81 2 203 0
23 83 3 211 0
22 83 2 224 0
22 84 2 198 0
22 87 2 218 0
21 89 2 205 0
21 88 2 211 0
21 88 3 202 0
21 89 2 182 0
21 90 3 193 0
21 89 2 193 0
23 85 3 189 0
24 79 2 186 0
24 78 2 185 0
25 73 2 228 0
28 66 2 168 0
28 66 1 256 0
25 79 3 356 0
23 91 3 2 9.2
23 92 1 274 0.4
23 92 1 312 0
22 94 1 325 0
21 91 2 325 0
21 88 3 337 0
20 92 2 334 0
20 96 3 317 0.4
20 94 2 333 0
19 92 3 338 0
18 91 3 341 0
18 93 3 326 0
18 91 2 332 0
18 90 2 345 0
18 90 1 324 0
19 84 2 359 0
20 72 2 43 0
20 70 2 32 0
22 64 2 59 0.1
22 63 2 119 0
22 57 2 80 0
22 56 2 80 0
21 45 2 114 0
21 56 2 101 0
20 70 1 193 0
19 73 2 172 0
19 75 1 182 0
19 80 1 195 0
19 76 1 191 0
18 79 1 230 0
18 81 1 204 0
18 80 1 157 0
18 69 1 201 0
18 69 1 144 0
18 70 1 104 0
18 70 1 190 0
19 69 1 114 0
20 67 1 111 0
20 66 1 164 0
21 65 2 169 0
23 61 2 272 0
23 62 2 202 0
25 60 1 148 0
26 62 2 282 0
27 60 2 180 0
26 66 1 142 0
25 72 1 90 0
23 76 1 86 0
23 79 1 346 0
22 84 1 215 0
22 88 1 230 0
22 89 2 204 0
22 91 2 188 0
22 90 2 211 0
22 88 2 214 0
22 89 2 209 0
23 88 2 223 0
24 82 3 212 0
24 83 2 205 0
25 84 2 187 0
24 85 1 231 0
22 96 1 296 5
22 94 2 208 0.4
22 95 1 62 1.6
22 96 1 278 0.1
22 96 1 243 0
21 96 2 227 0
21 96 2 218 0
21 97 2 209 0.1
21 97 1 192 0
21 97 1 213 0
21 97 1 206 0
21 98 1 209 0
21 98 1 168 0
21 98 1 243 0
21 98 1 213 0
21 98 2 192 0
20 98 1 231 0
20 98 1 199 0
21 97 1 231 0
22 90 2 207 0
25 79 2 102 0
26 75 2 209 0
27 64 1 225 0
28 62 2 179 0
29 59 2 196 0
29 57 2 86 0
28 64 2 89 0
27 70 3 85 0
25 72 2 71 0
24 75 2 40 0
23 77 2 76 0
23 80 2 57 0
22 86 1 307 0
21 89 1 319 0
21 90 1 344 0
20 93 1 310 0
20 93 1 318 0
20 95 1 187 0
20 95 1 218 0
21 93 1 63 0
21 90 1 17 0
25 63 2 67 0
26 47 3 94 0
27 38 2 46 0
26 29 3 53 0
24 48 2 85 0
23 46 3 76 0
22 50 2 68 0
21 59 2 72 0
20 41 2 43 0
20 40 2 47 0
18 47 1 315 0
14 69 1 200 0
17 67 1 208 0
20 48 1 139 0
21 47 2 133 0
22 41 3 133 0
23 33 3 48 0
23 37 2 49 0
24 40 2 82 0
24 40 2 46 0
24 41 2 60 0
22 47 3 88 0
21 53 3 82 0
20 60 2 97 0
19 64 2 39 0
18 67 2 91 0
18 66 2 72 0
16 75 1 90 0
16 77 2 304 0
15 80 1 316 0
15 83 0 999017 0
15 86 1 272 0
15 84 1 196 0
17 76 2 191 0
19 70 2 169 0
21 62 2 153 0
23 54 2 46 0
26 47 2 88 0
28 43 2 54 0
27 41 3 61 0
27 40 2 71 0
25 50 2 53 0
24 59 3 42 0
22 67 2 67 0
21 74 2 86 0
21 76 2 18 0
21 78 2 8 0
20 86 1 338 0
20 83 2 6 0
20 84 1 66 0
19 87 1 300 0
20 83 1 341 0
21 80 1 315 0
22 78 1 237 0
24 69 1 191 0
24 67 1 50 0
24 64 2 82 0
25 61 2 93 0
24 61 2 71 0
23 70 2 79 0
22 73 2 93 0
22 75 2 101 0
22 77 1 87 0
21 79 2 66 0
21 85 1 27 0
21 84 1 37 0
20 86 1 57 0
20 85 2 36 0
20 86 1 111 0
21 85 1 42 0
21 83 1 84 0
22 78 2 33 0
22 75 2 55 0
23 68 3 43 0
23 67 1 346 0
24 66 2 80 0
24 61 2 96 0
24 61 1 72 0
23 64 1 83 0
22 67 1 71 0
21 71 1 199 0
21 80 2 69 0
21 83 1 67 0
20 84 1 78 0
20 83 1 36 0
20 84 1 49 0
20 87 2 77 0
20 88 2 100 0
19 89 1 39 0
20 88 1 40 0
20 83 1 75 0
22 73 1 87 0
23 69 2 88 0
25 62 2 114 0
26 55 2 116 0
27 50 3 105 0
28 47 2 121 0
28 44 3 91 0
27 44 3 61 0
27 47 3 90 0
19 83 1 252 0
20 82 1 180 0
20 79 1 33 0
22 71 1 61 0
23 68 1 110 0
24 65 1 90 0
26 59 1 109 0
27 56 2 26 0
28 51 2 54 0
27 50 2 40 0
27 50 2 91 0
25 51 2 47 0
24 53 2 43 0
24 53 2 57 0
22 60 1 306 0
21 61 2 297 0
21 60 1 301 0
21 62 2 306 0
21 66 1 299 0
20 69 1 283 0
20 68 1 240 0
20 69 1 240 0
21 71 2 200 0
22 70 1 213 0
23 63 1 144 0
23 67 1 303 0
21 86 2 315 0.2
22 86 2 315 0
24 79 2 355 0
25 72 1 347 0
26 72 1 48 0
23 85 2 4 0.3
22 94 1 31 4.3
21 95 1 159 5.3
21 94 1 328 0
22 93 1 256 0
21 95 1 292 0
21 96 1 287 0
21 96 1 305 0
21 96 1 318 0
21 96 1 331 0
21 95 1 322 0
21 95 1 306 0
22 94 1 306 0
22 91 2 37 0
22 89 2 65 0
24 86 1 106 0
24 80 2 102 0
25 77 1 131 0
26 74 1 99 0
27 71 2 91 0
26 72 2 86 0
26 73 2 52 0
26 74 2 47 0
25 77 2 99 0
24 81 2 80 0
22 86 2 90 0
22 88 2 83 0
22 89 1 43 0
22 89 2 74 0
21 90 1 63 0
21 90 1 44 0
21 91 2 96 0
21 92 2 15 0
23 86 1 60 0
24 82 1 109 0
25 77 1 86 0
27 73 1 115 0
27 73 1 122 0
27 72 1 29 0
28 72 1 79 0
27 75 2 116 0
27 77 1 24 0
26 83 1 177 0
25 85 1 301 0
25 86 1 289 0
24 93 2 311 0.1
24 90 2 342 0
24 96 2 345 14.4
23 96 2 343 0.3
23 94 2 339 0.1
22 94 2 350 0
22 94 2 341 0
22 92 2 4 0
22 90 2 322 0
22 89 3 349 0
22 89 2 348 0
22 85 2 352 0
23 79 3 350 0
22 87 2 348 0.5
22 92 1 219 0.3
21 94 2 205 0.1
22 92 2 197 0
22 91 2 201 0
22 92 2 200 0
21 92 1 197 0
21 92 2 213 0
21 94 1 246 0
21 95 1 199 0
21 96 1 222 0
21 96 1 229 0
20 97 1 217 0
20 97 1 232 0
20 97 1 278 0
20 97 1 261 0
21 98 1 205 0
21 97 1 165 0
22 89 1 232 0
24 82 1 108 0
28 58 2 101 0
28 55 2 99 0
27 63 2 89 0
25 68 2 90 0
24 73 2 82 0
23 78 2 98 0
23 80 2 86 0
22 84 1 340 0
22 87 1 85 0
21 91 1 330 0
20 93 1 322 0
20 94 1 266 0
20 95 1 339 0
20 95 1 203 0
20 96 1 320 0
22 90 1 120 0
23 81 1 136 0
25 75 2 170 0
27 69 2 151 0
29 61 2 188 0
30 59 2 173 0
31 57 2 159 0
31 59 1 252 0
30 61 1 221 0
29 67 1 211 0
28 69 1 188 0
28 73 1 55 0
27 76 1 330 0
26 82 1 249 0
26 82 1 295 0
25 85 2 210 0
25 85 1 151 0
25 89 2 218 0
25 90 1 185 0
25 90 2 208 0
25 90 2 204 0
25 88 1 204 0
26 85 1 205 0
28 80 2 194 0
29 76 2 221 0
29 72 2 224 0
31 67 1 231 0
31 69 1 262 0
30 67 2 264 0
27 82 2 265 1
26 90 1 233 0
26 93 1 175 0.6
22 90 3 348 0
21 92 2 335 0.3
22 90 2 355 0.2
22 93 3 20 1.1
22 88 1 335 0.4
23 87 1 287 0
24 67 2 49 0
25 65 2 66 0
24 61 2 72 0
24 62 2 54 0
23 62 2 26 0
22 72 2 90 0.1
22 47 3 56 0
22 32 3 31 0
22 37 1 74 0
21 43 2 30 0
20 58 2 53 0
19 58 2 97 0
19 60 2 89 0
19 63 2 78 0
19 65 2 80 0
18 66 2 99 0
19 67 2 110 0
19 68 2 102 0
20 64 1 157 0
20 59 2 180 0
20 56 3 186 0
20 59 1 185 0
20 63 2 203 0
20 67 1 212 0
18 81 1 207 0
19 79 1 237 0
19 81 2 212 0
19 80 1 234 0
19 77 1 252 0
19 77 1 277 0
18 81 1 214 0
18 81 2 223 0
19 81 2 224 0
19 82 1 213 0
20 80 1 227 0
22 68 1 313 0
23 66 2 317 0
24 60 1 311 0
25 59 2 232 0
28 47 2 311 0
29 39 2 274 0
29 38 2 269 0
28 51 1 238 0
25 54 2 225 0
24 60 2 200 0
24 63 2 184 0
23 71 2 216 0
22 75 2 208 0
22 77 2 203 0
21 81 2 217 0
21 81 2 218 0
20 87 2 209 0
20 88 2 202 0
20 87 1 187 0
21 83 2 207 0
24 72 2 192 0
26 62 1 186 0
28 49 2 167 0
32 25 2 154 0
32 28 2 172 0
32 27 2 143 0
31 28 2 160 0
30 34 2 163 0
28 40 3 151 0
27 42 2 166 0
26 45 3 189 0
25 48 2 168 0
25 51 2 163 0
23 56 1 302 0
23 59 1 157 0
22 61 1 25 0
22 59 1 177 0
22 64 1 207 0
22 69 1 201 0
23 68 1 216 0
24 65 1 251 0
25 61 1 205 0
26 60 1 126 0
27 57 1 221 0
27 62 1 262 0
24 81 1 265 0.2
22 93 2 323 9
22 93 2 49 5
21 97 2 184 13.4
21 97 1 304 2.3
22 95 2 314 0.1
22 93 2 313 0.1
22 95 1 310 1.1
21 96 2 2 10.1
21 97 2 14 8.6
21 97 1 313 6.4
21 97 2 319 3.8
21 97 1 280 1.4
20 98 1 287 0.2
21 98 2 312 0
20 98 1 60 2.5
20 98 2 197 1
20 96 2 215 1
19 96 2 215 0.4
20 95 0 999017 0.2
20 93 2 193 0
19 94 2 177 0.5
20 89 2 227 0
21 83 1 205 0
21 76 1 138 0
22 77 1 168 0
22 78 1 139 0
23 78 1 124 0
22 79 1 48 0
21 85 2 131 0
21 89 1 99 0
21 90 1 106 0
21 91 1 222 0
21 92 1 188 0
20 93 1 211 0
20 94 1 209 0
20 94 1 170 0
20 95 1 202 0
20 95 1 207 0
20 95 2 219 0.1
20 96 1 193 1.4
20 97 2 215 2.9
20 97 1 192 7.9
21 97 2 179 4
22 93 2 203 0
24 87 2 179 0
25 82 2 189 0
25 83 2 206 0
25 81 3 210 0
24 85 2 205 0
23 89 2 189 0
24 85 1 193 0
24 83 3 204 0
24 84 3 209 0
23 87 2 214 0
23 89 2 240 0
23 84 3 219 0
23 87 3 215 0
23 82 3 231 0
23 82 1 209 0
23 82 2 198 0
23 82 2 221 0
25 75 2 190 0
26 71 3 195 0
26 71 2 219 0
27 68 2 205 0
28 64 2 202 0
28 67 2 215 0
28 68 1 208 0
28 68 1 212 0
29 64 2 250 0
28 68 2 233 0
27 72 2 210 0
27 74 2 222 0
25 78 2 222 0
25 79 2 223 0
24 81 2 206 0
24 83 2 199 0
24 85 2 200 0
24 83 2 201 0
23 82 1 200 0
23 86 1 189 0
23 85 2 214 0
23 87 2 211 0
24 84 2 195 0
25 78 2 208 0
26 76 3 207 0
28 65 3 212 0
29 56 3 205 0
31 51 3 208 0
32 55 3 168 0
32 49 2 246 0
33 39 2 159 0
32 46 2 194 0
30 54 2 182 0
29 59 2 205 0
27 63 2 195 0
26 66 1 168 0
26 69 2 208 0
23 78 1 199 0
24 77 2 219 0
25 75 2 212 0
26 69 3 203 0
27 64 3 193 0
28 64 3 217 0
28 66 3 208 0
27 49 4 212 0
27 52 4 208 0
26 58 3 199 0
27 63 3 206 0
22 96 2 211 0
22 94 2 212 0
22 95 1 182 0.1
22 96 2 207 0
22 96 1 190 0
22 96 2 191 0
22 96 2 217 0.6
22 97 1 224 3.4
23 96 1 207 0.3
25 87 1 315 0
27 72 2 317 0
27 70 2 320 0
27 71 2 297 0
28 73 1 324 0
28 73 2 290 0
27 75 1 312 0
24 89 2 307 0.9
24 93 2 303 0.1
24 93 2 297 0
24 94 2 331 0
23 96 1 294 1.9
23 97 2 304 1.7
23 97 1 167 0.4
23 97 1 207 0
23 97 1 220 0
23 97 1 248 0
23 97 1 200 0
23 98 1 223 0
23 98 1 172 0
23 98 1 233 0
24 98 1 191 0
25 94 1 161 0
25 94 1 321 0
24 96 1 348 1.3
24 96 2 329 1.8
24 95 1 116 0.6
25 91 2 123 0.2
26 88 2 86 0
25 89 2 73 0
24 90 2 55 0
23 94 2 64 0.2
23 95 1 77 0
23 95 2 89 0
23 95 2 8 0
22 95 1 89 0
22 95 1 103 0
22 96 1 180 0
22 96 0 999017 0
22 97 1 168 0
22 97 1 325 0.2
22 98 1 202 0.1
23 98 1 166 0
23 98 2 188 0.1
23 98 1 199 0
26 90 2 332 0
24 94 3 349 6.4
23 93 3 349 0
23 92 3 0 0
22 93 2 342 0.5
22 94 2 35 0.4
21 94 2 358 0.8
21 94 2 32 4.3
21 95 2 7 0.8
20 95 2 32 0.7
20 95 2 335 4.2
20 97 2 330 16.2
20 97 2 24 8.1
20 97 1 22 2.3
21 95 1 16 0.6
21 93 2 30 0.1
22 88 1 49 0
22 89 2 323 0
21 92 1 11 0.2
22 94 1 247 0
21 92 2 68 0
21 93 1 39 0
21 93 1 65 0
21 92 1 94 0
21 93 1 324 0
21 96 1 4 0
21 95 1 337 0
20 95 1 310 0
20 96 1 320 0
22 85 2 22 0
23 79 2 130 0
24 73 2 87 0
26 67 2 70 0
27 63 2 78 0
27 60 2 89 0
28 56 2 74 0
28 56 2 109 0
24 81 2 88 0
22 89 1 308 0
22 90 1 5 0
21 92 1 58 0
21 92 2 319 0
21 94 2 298 0
21 94 1 318 0
21 96 2 303 0
21 96 1 314 0
21 93 1 308 0
23 85 1 168 0
26 74 1 79 0
27 69 1 203 0
28 64 2 223 0
30 53 2 81 0
30 55 2 79 0
24 82 1 177 0
23 84 1 325 0
23 87 1 190 0
23 88 1 293 0
23 89 1 315 0
23 89 2 308 0
23 89 1 302 0
23 91 1 209 0
23 93 1 327 0
23 91 1 4 0
23 90 1 54 0
24 86 1 106 0
25 82 1 130 0
26 77 2 208 0
27 68 2 192 0
27 66 2 155 0
25 73 3 208 0
23 88 2 195 2.4
20 90 1 346 4.7
21 93 1 181 1.5
21 95 1 133 3.9
20 94 4 277 1.9
20 96 1 223 4.1
20 97 2 120 0.6
20 97 1 206 0.4
20 97 1 212 0.7
20 97 1 231 0.7
20 97 1 250 0.6
20 97 1 166 0.8
20 97 1 318 0.3
20 98 1 180 0.7
21 96 1 229 0.5
21 94 1 194 0.4
24 84 1 68 0.4
25 81 1 286 0.2
25 82 1 183 0.3
25 84 1 261 0.2
26 81 2 211 0.2
26 79 2 177 0.3
25 86 2 177 0.2
25 87 1 256 0.3
25 85 1 277 0.2
24 91 1 183 0.1
24 93 1 212 0
24 94 1 321 0
24 95 2 204 0
24 96 0 0 0
23 96 1 181 0
23 96 1 201 0
23 97 1 201 0
23 97 1 297 0
23 97 1 16 0
23 97 1 184 0
23 97 1 269 0
24 96 1 212 0
25 90 2 154 0
27 79 1 76 0
28 76 1 72 0
30 70 1 141 0
30 67 2 12 0
31 64 2 107 0
32 62 2 86 0
32 65 2 89 0
31 70 2 101 0
27 87 4 168 0.7
26 96 1 124 29.2
25 96 1 173 5.6
25 96 1 287 4.7
25 97 2 66 3.7
25 95 1 118 0.4
25 96 1 346 0
25 97 1 84 0
25 97 1 248 0
25 97 1 238 0
25 97 1 271 0
25 97 1 152 0
25 98 1 149 0
25 97 1 130 0
26 93 2 179 0
27 89 2 164 0
29 81 2 222 0
30 75 2 191 0
30 74 2 195 0
31 70 2 226 0
33 63 2 203 0
34 60 2 211 0
34 56 3 204 0
32 63 2 238 0
32 65 2 228 0
31 67 2 220 0
30 69 2 214 0
30 71 2 219 0
30 70 2 226 0
30 73 3 231 0
29 78 2 224 0
28 81 2 216 0
28 83 2 223 0
27 82 2 218 0
26 87 2 215 0
27 85 3 216 0
28 78 2 173 0
30 72 2 190 0
31 69 2 180 0
32 61 3 203 0
32 62 3 204 0
32 62 3 242 0
32 61 2 216 0
32 61 3 202 0
32 61 4 210 0
32 61 2 223 0
33 59 2 261 0
32 61 2 252 0
31 64 1 230 0
30 68 2 222 0
30 69 2 226 0
30 70 2 225 0
30 70 2 214 0
29 72 2 228 0
29 74 2 217 0
29 75 1 220 0
28 78 1 309 0
28 80 2 214 0
28 80 2 207 0
28 79 1 223 0
29 80 1 281 0
30 74 1 94 0
29 84 2 48 0.1
29 81 2 61 0
29 79 2 49 0
29 76 2 35 0
30 72 3 9 0
27 82 3 351 0
27 80 2 40 0
26 83 2 13 0
25 89 2 25 0.1
26 86 1 81 0
26 87 2 102 0
26 87 1 63 0
26 87 1 115 0
26 89 1 92 0
26 90 1 300 0
25 91 1 298 0
25 93 1 245 0
25 93 1 232 0
25 94 2 204 0
25 93 2 178 0
25 94 1 196 0
25 93 1 215 0
26 92 1 235 0
28 81 1 82 0
30 76 2 106 0
31 72 1 105 0
30 75 3 63 0
29 76 3 58 0
28 80 2 66 0
28 81 3 59 0
27 84 2 41 0
26 86 2 40 0
26 86 2 73 0
25 87 1 115 0
25 88 2 80 0
25 90 2 49 0
25 90 2 15 0
25 91 2 33 0
24 92 2 110 0
24 93 1 4 0
24 94 2 44 0.1
24 95 2 62 0.5
23 95 2 52 0.1
23 97 2 34 0.1
23 97 2 25 0.2
22 97 2 52 0
22 97 2 50 0.1
22 96 2 28 0
22 97 2 32 0
22 96 2 54 0
23 95 2 42 0
23 93 2 47 0
23 92 2 41 0
23 91 2 57 0
24 88 2 63 0
24 88 2 84 0
24 87 2 80 0
24 88 2 101 0
24 88 2 75 0
24 88 1 59 0
24 89 1 71 0
24 89 1 46 0
23 90 1 230 0
23 91 1 283 0
23 92 1 229 0
23 92 1 188 0
23 93 1 193 0
23 93 1 242 0
23 94 1 185 0
23 94 1 230 0.1
24 91 1 193 0
25 87 1 166 0
26 85 2 219 0
26 83 1 196 0
27 81 2 213 0
28 79 1 227 0
29 76 1 165 0
30 75 1 167 0
30 74 1 180 0
32 72 1 92 0
32 72 1 106 0
32 73 2 91 0
30 79 2 54 0
29 83 1 70 0
28 85 1 118 0
27 88 1 110 0
27 92 1 209 0
26 93 1 187 0
26 94 1 341 0
27 94 2 210 0
26 95 2 217 0
26 95 2 189 0
26 96 2 176 0
27 93 2 202 0
30 80 1 204 0
32 65 3 209 0
33 63 3 213 0
33 61 3 214 0
34 60 3 209 0
34 59 2 223 0
34 60 2 230 0
32 70 4 354 0
29 77 4 2 0
27 79 3 13 0
26 76 4 352 0
25 81 4 345 0.1
24 85 3 354 0.6
24 82 3 3 0
24 86 2 100 0
24 86 2 82 0
24 85 2 109 0
23 87 2 59 0
22 94 2 25 1.4
22 94 2 46 1.4
22 94 2 3 8.9
21 96 1 22 11.6
21 97 2 53 17.7
21 96 1 336 5.6
22 95 2 34 4.5
22 93 2 25 0.2
22 94 1 93 0.3
22 93 1 79 0.7
23 89 1 93 0.1
23 85 1 64 0
23 85 1 121 0
23 87 1 118 0
23 88 1 117 0
22 92 1 201 0
22 93 1 224 0
22 94 1 304 0
22 96 0 0 0
22 95 1 299 0
22 95 1 299 0
22 96 1 290 0
21 95 0 0 0
21 96 1 337 0
21 97 1 316 0
22 97 1 231 0
22 93 1 301 0
23 88 1 299 0
26 75 1 135 0
26 69 1 191 0
28 67 1 134 0
29 62 1 149 0
29 61 2 117 0
29 58 2 104 0
30 56 2 73 0
28 62 2 68 0
27 59 2 50 0
26 62 2 71 0
25 69 2 75 0
25 77 2 86 0
24 80 1 65 0
24 81 1 97 0
24 84 1 110 0
24 85 1 18 0
23 90 1 286 0
23 91 1 305 0
23 93 2 318 0
24 89 2 315 0
25 77 2 10 0
27 65 1 2 0
28 61 2 65 0
29 54 2 39 0
30 50 3 36 0
28 51 3 21 0
28 54 2 65 0
27 54 3 73 0
27 51 2 47 0
26 54 2 43 0
25 55 2 80 0
25 57 2 39 0
24 65 2 67 0
24 73 2 36 0
24 75 2 79 0
23 77 1 47 0
23 75 2 77 0
23 78 2 26 0
23 80 2 39 0
23 83 2 9 0
23 84 2 31 0
23 85 2 23 0
23 85 3 32 0
23 84 1 31 0
23 82 2 23 0
23 87 2 50 0.1
23 85 2 72 0.3
23 74 3 69 0.5
24 79 2 94 0.1
23 73 3 86 0.6
21 68 3 108 0
19 81 2 144 1.1
19 87 2 109 0.8
18 91 1 141 1.1
18 92 1 129 1.8
18 93 1 339 2.5
18 94 1 117 2.4
18 95 1 90 1.4
19 95 1 74 1.1
18 95 1 182 1
18 96 1 153 1.4
19 95 1 210 0.4
18 96 1 296 0.3
18 93 2 88 0.6
18 94 2 87 1.1
18 95 2 145 2.6
18 95 2 86 1.6
18 95 2 101 2
19 96 2 69 5.2
19 96 2 108 2.4
19 95 2 82 1.5
19 94 2 91 2.9
20 94 2 107 4.1
18 92 2 142 3
18 92 1 103 1.6
19 89 2 115 0.1
19 87 1 108 0
19 87 2 85 0.3
19 83 2 128 0.4
17 91 1 69 2.7
17 95 1 316 3.5
18 96 1 114 4.4
17 96 1 187 5.4
17 97 1 182 4.4
18 97 1 42 2.1
18 97 1 51 2.2
18 97 2 102 2.4
18 96 1 84 0.9
18 95 2 96 0.5
18 96 1 78 1.1
18 97 1 96 4.7
18 97 2 82 3.4
18 96 2 27 1
17 94 3 27 1.5
18 96 2 79 0.9
18 96 3 20 2.2
18 96 3 29 3.1
18 95 3 39 9
18 95 2 34 1.8
18 93 2 33 0.2
18 93 2 25 1
18 93 3 358 0.5
17 92 2 331 0.3
17 92 2 5 0
17 91 2 0 0
17 93 2 34 0.1
17 94 1 346 0.3
17 92 2 20 0
17 93 2 335 0
17 94 2 331 0
17 96 2 330 0.2
17 97 3 330 0.1
17 97 2 326 1
18 98 2 340 0.4
18 97 2 4 0.1
19 96 2 341 0
20 88 2 353 0
21 86 2 329 0
21 88 1 318 0
21 85 2 321 0
21 83 2 355 0
21 84 2 334 0
21 88 2 345 0
20 94 2 356 0.3
20 95 2 323 0
20 96 2 316 0.2
20 96 2 308 0
20 96 1 331 0
20 96 2 315 0
20 97 1 322 0
20 97 2 317 0.5
20 97 2 325 1.7
20 97 2 336 0.2
20 97 2 329 0
20 97 1 343 0
20 95 2 345 0
20 94 2 353 0
20 96 2 347 0.3
20 93 2 16 0
21 91 1 349 0
22 87 2 345 0
22 84 2 341 0
23 83 2 33 0
22 89 1 323 0
22 86 2 4 0
21 94 2 356 7
21 96 2 349 0.8
21 97 2 350 0.5
21 97 2 354 0.2
21 96 2 27 0
21 96 1 1 0
21 97 1 3 0
21 97 2 341 0
21 97 1 349 0.3
21 98 1 352 0.1
21 98 2 352 0.1
21 98 2 4 0
21 97 2 338 0
21 97 1 345 0.8
22 97 2 343 0.9
22 96 2 5 0.3
23 95 1 323 0.1
22 96 2 331 0.1
23 94 2 325 0.1
23 94 2 332 0
23 96 2 333 0.4
23 97 2 330 0.9
23 98 2 320 0.2
23 98 2 337 1.5
23 98 1 332 1.2
24 98 2 346 1.8
24 98 1 25 0.6
24 98 1 13 0.6
24 98 2 355 0.5
24 98 1 21 2.8
24 98 3 0 0.6
24 98 3 17 0.5
24 98 2 23 0.4
24 98 3 3 0.5
24 97 2 10 0.1
23 97 2 9 0.1
24 96 3 0 0.1
24 93 3 359 0
25 90 2 356 0
26 87 4 356 0
27 83 3 3 0
27 82 3 343 0
26 85 4 333 0
26 90 3 352 2.2
27 89 3 26 4.5
29 74 4 28 0.1
27 79 4 7 0
25 86 4 12 0.2
24 93 4 20 2.6
24 90 4 7 0.1
25 87 5 0 0
25 88 3 356 0
24 89 5 358 0.1
24 90 4 0 0.8
24 94 4 357 0.9
24 93 5 2 0.8
24 93 4 1 2.1
24 94 4 0 3.7
24 94 5 358 4.1
24 94 6 354 1.9
24 95 5 354 5.9
23 96 4 341 4.2
23 96 3 337 4.8
23 95 4 334 4.4
23 95 4 334 2.8
23 95 3 327 1.5
23 94 3 336 0.8
23 92 3 334 0.7
24 91 2 316 0
24 90 3 315 0
24 90 3 276 0.1
24 89 3 279 0
25 83 1 291 0
25 81 2 237 0
25 80 2 288 0
25 81 2 271 0
25 80 2 216 0
25 79 2 228 0
25 79 2 268 0
25 80 2 284 0
25 82 2 297 0
26 77 2 298 0
28 70 2 319 0
30 60 3 316 0
30 57 3 307 0
31 52 2 306 0
32 53 2 295 0
31 60 1 278 0
28 67 2 242 0
28 64 1 258 0
26 72 1 188 0
26 78 2 211 0
26 75 2 214 0
25 82 2 196 0
24 86 1 251 0
24 86 2 192 0
24 86 1 203 0
24 88 2 207 0
24 87 2 189 0
24 87 2 206 0
25 83 2 211 0
27 76 2 185 0
29 70 2 201 0
31 66 3 198 0
32 61 2 202 0
33 56 2 200 0
31 65 2 320 0
33 57 2 225 0
34 55 1 110 0
34 54 2 137 0
34 54 1 135 0
32 58 1 51 0
28 83 1 184 0.7
26 86 1 222 0
25 85 1 154 0
25 86 0 0 0
25 86 1 208 0
25 89 1 229 0
25 93 1 194 0
25 94 1 222 0
24 95 1 184 0
24 96 1 290 0
24 96 1 203 0
24 97 1 195 0
26 91 2 186 0
27 86 1 176 0
29 78 1 150 0
30 72 1 198 0
32 63 2 138 0
33 59 2 82 0
33 59 2 78 0
33 60 2 71 0
33 55 2 91 0
34 50 2 63 0
33 51 2 68 0
32 53 2 81 0
31 59 2 67 0
30 62 2 69 0
29 66 1 66 0
28 75 2 57 0
27 80 1 98 0
26 85 0 0 0
25 88 2 319 0
24 91 1 264 0
24 91 2 316 0
24 91 2 310 0
24 93 1 176 0
24 94 1 329 0
25 89 1 305 0
28 77 1 313 0
31 70 2 114 0
31 65 2 7 0
31 65 2 65 0
33 48 2 83 0
32 52 2 45 0
32 63 3 52 0
31 63 2 44 0
28 74 2 76 0
27 79 2 91 0
26 83 2 49 0
25 85 2 84 0
25 86 2 74 0
25 86 2 41 0
25 87 1 73 0
25 88 2 99 0
25 89 1 43 0
25 89 1 320 0
25 89 1 98 0
28 78 2 104 0
29 72 2 96 0
27 76 2 54 0
30 68 2 281 0
31 64 1 288 0
32 64 2 44 0
31 67 3 40 0
30 70 3 49 0
26 96 1 315 2.3
26 96 1 307 1.9
26 97 2 202 1.9
25 97 1 175 1.6
26 97 1 213 1
26 97 1 168 0.3
25 96 1 157 0
25 96 1 181 0
25 96 1 201 0
25 97 1 167 0
25 97 1 235 0
26 95 1 182 0
27 90 1 110 0
29 77 1 275 0
30 73 1 271 0
30 79 2 329 0
30 76 2 10 0
26 94 2 358 6.7
27 89 2 338 0
26 92 2 326 0.7
26 92 2 10 1
26 93 1 328 0
26 93 1 324 0.8
25 95 2 319 2.2
25 97 2 297 0.7
25 97 2 310 0
25 97 2 288 0
29 72 1 346 0
30 70 1 347 0
31 66 2 57 0
31 63 2 31 0
31 67 3 89 0
30 71 2 61 0
29 71 2 89 0
28 73 2 101 0
28 76 1 90 0
27 80 1 70 0
26 85 1 18 0
26 87 1 355 0
26 89 1 314 0
26 90 1 44 0
27 85 1 195 0
27 85 1 168 0
28 82 2 164 0
29 78 2 174 0
28 78 1 165 0
29 77 2 184 0
27 83 2 175 0
26 89 2 174 0
26 90 1 196 0
26 90 1 193 0
26 90 1 159 0
26 90 1 186 0
26 92 1 205 0
26 94 1 283 0
25 95 1 247 0
25 95 1 194 0
25 96 1 202 0
25 96 1 211 0
26 93 1 208 0
27 90 1 221 0
28 83 2 211 0
29 78 2 210 0
30 73 1 5 0
31 71 2 91 0
32 65 2 146 0
33 60 1 97 0
33 59 1 107 0
32 62 2 47 0
31 68 1 0 0
30 76 2 77 0
27 88 1 281 0.4
27 88 1 7 0
27 86 1 241 0
27 87 1 183 0
27 91 1 237 0
27 94 1 217 0.2
26 95 2 208 0.1
26 96 2 236 0.3
26 95 1 211 0
26 96 1 177 0.1
26 96 1 203 0
26 93 2 200 0
27 89 2 215 0
27 90 2 187 0
27 87 2 207 0
27 90 2 222 0
28 82 3 214 0
29 80 2 228 0
29 78 2 291 0
29 80 2 296 0
30 77 2 0 0
30 76 1 336 0
29 82 1 303 0
28 84 1 354 0
28 83 1 109 0
27 88 0 0 0
27 90 1 157 0
26 91 1 150 0
26 92 1 239 0
26 93 1 287 0
26 94 1 258 0
26 96 2 202 0
26 95 2 211 0
26 96 1 166 0
26 94 1 171 0
27 91 2 195 0
27 88 2 234 0
29 78 2 202 0
30 70 2 193 0
31 70 2 191 0
31 65 2 242 0
32 61 3 240 0
31 67 2 260 0
31 70 2 239 0
32 66 2 237 0
31 63 3 208 0
31 66 2 219 0
30 69 1 229 0
29 73 2 243 0
29 74 1 189 0
28 77 2 231 0
28 81 1 223 0
27 83 2 197 0
27 86 1 235 0
26 89 1 337 0
26 88 1 203 0
26 88 2 225 0
26 88 2 215 0
26 86 2 221 0
27 80 2 212 0
28 77 2 222 0
30 73 2 184 0
32 62 3 195 0
32 61 3 209 0
32 59 2 230 0
33 57 3 199 0
34 57 2 229 0
34 58 3 183 0
33 57 2 209 0
34 58 2 239 0
31 73 3 321 0
29 75 3 327 0
28 80 1 346 0
27 85 2 310 0
27 86 1 318 0
27 84 2 299 0
27 86 1 310 0
27 86 1 290 0
26 88 1 317 0
26 88 0 0 0
26 89 1 211 0
26 91 1 208 0
26 91 1 220 0
28 86 2 196 0
29 81 2 177 0
30 77 1 181 0
32 68 1 234 0
34 57 2 205 0
35 54 3 211 0
35 54 2 195 0
36 52 2 199 0
36 51 2 199 0
35 51 2 241 0
34 53 2 237 0
32 61 2 235 0
31 65 2 275 0
31 71 1 224 0
30 70 2 221 0
30 74 1 276 0
29 75 1 228 0
28 80 1 225 0
28 82 1 228 0
28 85 1 228 0
27 85 1 201 0
27 86 1 173 0
28 84 2 206 0
29 77 2 200 0
30 72 2 211 0
32 65 2 180 0
33 60 2 201 0
34 55 2 236 0
35 51 2 247 0
36 50 3 202 0
36 49 2 213 0
37 47 3 213 0
37 48 2 204 0
36 47 2 217 0
36 49 1 248 0
33 57 2 227 0
32 62 2 230 0
32 62 2 236 0
31 65 2 224 0
31 69 2 215 0
30 76 2 202 0
29 77 2 222 0
29 76 3 208 0
29 75 2 219 0
28 78 2 225 0
28 77 3 214 0
27 77 2 224 0
28 73 3 210 0
30 67 2 206 0
31 64 2 189 0
33 57 2 202 0
34 51 2 208 0
35 47 2 176 0
36 44 2 239 0
37 41 2 229 0
37 39 1 237 0
37 32 2 173 0
37 41 2 210 0
35 48 2 229 0
33 54 2 228 0
32 47 2 206 0
31 55 1 215 0
31 53 2 200 0
30 54 2 218 0
29 60 2 203 0
28 66 2 206 0
27 70 2 198 0
28 67 2 201 0
27 71 3 209 0
27 72 1 217 0
28 70 2 200 0
30 64 2 178 0
32 57 2 152 0
33 50 2 228 0
35 48 2 232 0
36 42 3 224 0
37 39 2 256 0
38 36 2 189 0
38 35 2 218 0
38 37 2 237 0
36 47 2 231 0
33 45 2 20 0
32 55 1 317 0
31 60 1 306 0
31 59 2 13 0
30 64 2 305 0
30 66 1 211 0
30 62 2 172 0
30 62 2 173 0
29 63 2 161 0
29 66 2 170 0
28 70 2 181 0
27 71 2 180 0
27 74 1 192 0
28 69 2 165 0
29 65 2 163 0
31 60 2 166 0
33 54 2 138 0
34 50 2 191 0
35 44 1 53 0
36 39 2 62 0
37 34 2 130 0
37 35 3 93 0
37 35 3 94 0
36 39 2 69 0
34 50 3 73 0
33 57 3 70 0
32 60 2 89 0
32 60 3 95 0
31 61 1 87 0
31 53 2 124 0
28 85 2 71 0
28 84 2 46 0
28 84 2 50 0
28 84 2 57 0
28 84 2 41 0
27 84 2 65 0
28 84 2 71 0
29 79 3 57 0
29 80 3 96 0
29 75 4 72 0
30 74 2 76 0
31 70 3 85 0
31 71 2 55 0
31 69 4 55 0
32 64 4 84 0
27 87 4 95 7.2
27 88 2 82 7.2
28 82 3 90 0.5
28 82 3 81 3.2
26 90 2 98 3
28 85 3 82 0
28 84 3 57 0
27 86 3 77 0
27 86 4 65 0.4
25 79 1 213 0
24 81 1 322 0
24 80 1 322 0
24 82 1 335 0
24 81 1 321 0
24 81 2 308 0
24 81 2 321 0
25 82 2 300 0
26 78 2 318 0
28 72 1 47 0
30 66 2 119 0
30 66 1 206 0
29 67 1 159 0
29 70 1 289 0
28 78 2 234 0
28 72 1 197 0
28 70 1 123 0
29 71 1 185 0
28 73 1 252 0
27 78 1 87 0
28 74 2 87 0
27 74 1 93 0
27 78 1 120 0
26 79 1 148 0
26 82 1 164 0
26 81 1 82 0
26 84 1 38 0
24 89 2 49 0.2
24 91 1 23 0
24 94 1 307 0
24 93 1 322 0
25 88 1 116 0
25 85 1 64 0.2
27 77 1 40 0
27 73 1 217 0
28 71 1 158 0
29 71 1 126 0
28 71 2 198 0
29 71 1 190 0
30 62 2 135 0
29 68 2 64 0
29 72 2 87 0
28 77 2 97 0
27 76 1 128 0
27 78 2 106 0
27 80 2 98 0
26 84 1 98 0
26 87 2 120 0
25 87 1 148 0
25 91 1 38 0
24 93 1 230 0
24 93 1 290 0
24 94 1 208 0
24 95 1 203 0
24 96 1 235 0
25 92 1 202 0
26 87 1 176 0
28 78 1 149 0
29 75 1 135 0
30 70 1 234 0
30 68 1 135 0
31 68 2 106 0
31 69 2 36 0
31 64 2 98 0
30 65 2 90 0
26 92 2 201 3.5
25 95 3 305 14.4
24 96 2 317 9.4
24 98 1 224 0.4
25 98 2 298 0
25 97 1 241 0.1
25 98 1 269 0
25 98 1 316 0
25 97 1 325 0
25 97 1 353 0
25 98 1 306 0
25 97 1 340 0
25 97 1 251 0.1
25 97 1 307 0
25 94 1 335 0
26 91 2 344 0
26 91 2 313 0
25 91 2 12 1.3
25 95 1 304 9.2
26 90 1 91 0
27 82 2 88 0
29 74 3 79 0
28 78 2 77 0
27 80 2 84 0
27 81 2 52 0
27 83 1 77 0
26 89 1 153 0
25 92 1 179 0
25 92 0 0 0
25 93 1 358 0
24 94 2 302 0
24 93 2 296 0
24 95 0 0 0
24 95 1 311 0
24 96 1 246 0
24 97 1 236 0
24 97 1 297 0
25 96 1 210 0
25 94 1 275 0
26 91 1 233 0
26 87 1 90 0
28 76 2 86 0
30 69 2 125 0
30 64 1 134 0
31 61 2 64 0
31 61 2 85 0
31 59 1 66 0
30 63 2 93 0
29 60 2 90 0
28 60 1 91 0
28 48 2 84 0
27 67 2 93 0
26 78 1 103 0
26 80 2 79 0
25 79 2 93 0
25 81 2 108 0
25 83 1 60 0
25 84 1 46 0
24 87 1 61 0
24 90 1 351 0
24 88 1 38 0
25 83 1 40 0
25 80 2 81 0
26 77 1 125 0
28 74 2 120 0
30 68 2 98 0
30 67 2 103 0
31 63 2 63 0
31 62 2 77 0
31 61 2 61 0
30 63 3 38 0
30 67 2 89 0
28 73 3 70 0
27 78 2 69 0
27 79 2 91 0
27 79 2 79 0
26 82 2 83 0
26 82 2 78 0
26 83 2 66 0
26 84 1 97 0
25 87 1 34 0
25 87 1 53 0
25 88 2 93 0
24 89 1 63 0
25 89 1 73 0
26 83 2 70 0
27 79 2 99 0
28 74 1 196 0
30 68 2 93 0
31 62 1 66 0
31 60 2 147 0
33 56 2 153 0
33 54 1 104 0
34 50 2 180 0
33 55 2 83 0
32 62 2 88 0
30 69 2 77 0
29 73 2 86 0
28 77 2 85 0
28 80 1 196 0
28 81 1 67 0
28 83 1 275 0
27 85 1 211 0
27 86 1 290 0
27 83 2 166 0
27 85 1 300 0
27 88 1 205 0
26 88 1 191 0
26 89 1 219 0
27 85 1 197 0
28 83 1 292 0
29 82 1 336 0
31 69 1 94 0
32 62 2 206 0
33 61 2 252 0
34 56 2 278 0
33 63 3 44 0
31 69 3 24 0
26 96 2 226 52.3
25 96 2 325 24.3
24 96 3 307 5.1
24 98 2 321 3.7
24 94 2 342 0.2
24 91 2 339 0
24 90 2 336 0
24 88 2 335 0
24 87 2 356 0
24 88 1 324 0
24 90 1 319 0
24 89 2 342 0
24 93 1 277 0.4
24 95 1 266 0.5
23 96 1 306 0.5
24 96 1 288 0.5
24 96 2 313 0.2
24 94 2 302 0
25 89 2 306 0
25 88 1 328 0
26 86 2 294 0
25 89 2 317 0.2
25 90 2 349 0.4
25 91 1 307 0.1
24 94 2 84 4.4
23 96 1 51 7.2
23 96 1 296 1.8
23 97 1 153 0.4
23 97 1 85 0.9
23 97 0 0 1.3
23 97 1 209 0.2
23 97 1 288 0.2
23 97 1 305 0.7
23 97 1 312 0.1
23 97 1 316 0.1
23 97 1 332 0.6
23 97 2 2 2.5
23 95 3 25 1.1
22 95 2 0 0.9
22 95 2 30 4.5
23 95 2 358 0.1
23 91 3 30 0.1
24 87 2 27 0
24 82 3 27 0
25 74 3 49 0
25 75 3 19 0
25 78 2 332 0
24 84 3 358 0
24 83 3 4 0
23 82 2 329 0
22 86 2 318 0
22 83 2 306 0
22 86 1 331 0
22 86 1 335 0
22 86 2 317 0.1
22 88 2 318 0
22 91 2 325 0
22 96 2 325 0
22 97 2 334 0.1
22 97 2 325 0.2
22 97 3 330 0
22 95 3 331 0
23 95 2 338 0
23 95 2 350 0.7
23 95 2 343 0.4
23 95 3 336 0.5
23 95 2 325 0.4
23 95 3 337 1
23 96 3 356 0.6
22 96 3 359 0.5
22 95 3 344 0.3
22 96 2 340 0.4
22 96 3 331 0
22 96 2 339 0
22 96 2 334 0
22 97 2 326 0.6
22 97 2 331 0
22 97 2 333 0.7
22 97 3 325 0.7
22 97 3 329 0.8
22 97 2 328 0
22 96 2 337 0
22 96 2 335 0.1
22 95 2 333 0
22 95 2 323 0.1
23 92 2 327 0
24 86 2 333 0.1
25 80 3 340 0
24 82 3 325 0
24 83 4 356 0
23 94 3 344 0.4
22 94 3 342 0.5
23 86 3 359 0
24 85 2 322 0
23 89 3 314 0
22 92 2 315 0
22 94 1 280 0
22 92 1 349 0
22 90 2 314 0
22 88 2 279 0
22 86 2 294 0
21 89 1 323 0
20 94 2 222 0
21 95 1 190 0
21 95 1 249 0
22 86 2 270 0
23 86 1 201 0
24 75 2 296 0
25 71 2 319 0
26 67 3 313 0
27 64 3 308 0
29 58 3 321 0
29 56 3 314 0
29 54 3 317 0
29 53 3 315 0
29 51 2 318 0
29 51 3 305 0
26 61 1 298 0
25 66 2 301 0
24 74 1 280 0
24 72 2 315 0
24 77 2 314 0
22 85 1 208 0
22 84 2 202 0
22 84 1 188 0
22 89 1 202 0
22 87 1 294 0
23 86 2 212 0
23 83 1 193 0
24 79 1 209 0
25 75 2 193 0
26 67 3 217 0
28 63 2 214 0
28 61 2 216 0
29 59 2 220 0
29 59 2 236 0
28 63 1 238 0
27 64 1 206 0
25 75 1 194 0
25 79 1 197 0
25 83 2 223 0
24 83 2 212 0
24 85 2 211 0
23 86 1 211 0
23 89 2 201 0
23 92 2 217 0
22 93 1 323 0
22 93 1 207 0
22 95 1 225 0
22 95 2 185 0
26 76 2 157 0
28 69 1 155 0
29 63 2 206 0
31 54 2 284 0
29 60 2 283 0
29 63 1 254 0
28 62 2 301 0
27 71 1 278 0
26 71 2 294 0
26 78 1 173 0
25 84 1 216 0
24 87 1 189 0
23 89 1 224 0
24 86 2 301 0
23 91 2 317 0
23 89 2 319 0
23 89 1 208 0
24 86 1 305 0
25 78 1 326 0
26 75 1 302 0
29 60 1 268 0
31 53 2 76 0
32 47 1 262 0
31 47 1 131 0
31 50 2 60 0
30 53 2 74 0
27 66 1 251 0
26 73 1 240 0
26 74 2 207 0
26 76 3 193 0
22 92 2 182 0.4
22 91 1 331 0.1
22 94 1 190 0
22 95 2 226 0
22 93 2 199 0
23 87 2 226 0
25 78 1 225 0.1
26 79 1 195 0
27 72 1 187 0
29 70 2 175 0
30 61 1 10 0
28 69 3 296 0
27 70 2 55 0.1
29 58 1 327 0
29 58 1 355 0
28 64 2 53 0
27 70 1 77 0
26 75 1 113 0
26 73 2 61 0
24 80 1 351 0
24 84 0 0 0
23 86 2 306 0
23 91 2 303 0
22 93 1 323 0
22 94 2 320 0
23 91 1 333 0
24 87 1 289 0
25 85 1 267 0
26 80 2 324 0
27 74 1 263 0
29 68 1 156 0
30 62 2 99 0
30 58 2 109 0
31 53 2 57 0
29 58 2 86 0
29 59 2 107 0
28 59 2 88 0
27 64 2 56 0
27 71 2 89 0
26 76 2 60 0
25 77 2 81 0
25 80 1 55 0
24 85 1 66 0
23 87 1 316 0
23 89 1 253 0
23 90 2 287 0
23 93 1 312 0
23 94 1 326 0
22 95 1 309 0
23 94 1 297 0
24 89 2 309 0
26 81 1 293 0
29 63 2 51 0
29 58 2 86 0
30 49 2 74 0
30 49 1 59 0
30 49 2 70 0
30 52 3 68 0
30 56 2 80 0
29 58 2 80 0
27 65 2 88 0
27 66 2 71 0
26 73 2 77 0
25 79 0 0 0
25 80 1 83 0
24 85 1 326 0
24 87 2 304 0
23 89 1 304 0
23 89 2 314 0
23 91 1 276 0
22 93 1 310 0
22 94 1 230 0
23 91 1 196 0
25 84 1 172 0
26 76 1 191 0
28 69 1 112 0
29 62 2 147 0
31 59 1 261 0
32 48 2 196 0
33 45 1 231 0
33 44 2 32 0
31 58 3 91 0
30 59 2 97 0
29 59 2 95 0
29 65 2 102 0
28 72 2 351 0
27 75 1 313 0
26 79 1 311 0
26 82 1 310 0
25 85 2 316 0
25 85 2 325 0
25 86 1 316 0
24 91 1 343 0
25 85 2 319 0
26 81 2 309 0
28 69 2 344 0
29 62 3 1 0
30 58 1 335 0
30 55 2 308 0
31 55 2 356 0
31 57 2 310 0
31 55 2 14 0
31 55 2 2 0
30 60 2 53 0
29 66 2 53 0
28 66 2 59 0
28 69 2 353 0
27 69 2 299 0
25 76 2 296 0
25 75 2 308 0
24 79 2 317 0
24 78 2 317 0
24 79 2 322 0
23 83 2 320 0
23 86 2 320 0
23 84 1 289 0
24 81 2 317 0
25 70 1 299 0
27 60 2 0 0
27 60 2 299 0
28 59 2 257 0
30 54 2 223 0
31 50 1 74 0
31 49 2 46 0
30 50 2 54 0
29 51 2 49 0
28 51 2 97 0
28 52 2 42 0
26 59 1 75 0
26 59 1 68 0
26 61 1 332 0
26 65 1 289 0
26 64 1 305 0
25 66 1 311 0
25 71 2 289 0
25 74 1 311 0
24 76 2 314 0
24 74 1 309 0
25 74 2 305 0
26 74 2 287 0
27 69 1 318 0
29 63 1 203 0
29 60 1 224 0
29 63 1 220 0
29 65 2 191 0
29 65 2 215 0
30 64 2 209 0
31 60 1 276 0
30 66 1 251 0
29 70 2 179 0
26 90 2 232 0.2
26 92 1 219 0
26 90 1 221 0
25 91 1 222 0.1
26 91 2 213 0
25 92 2 232 0
25 91 2 216 0
25 91 2 207 0
25 89 1 232 0
27 66 2 300 0
28 63 2 304 0
28 59 2 303 0
30 56 2 344 0
30 56 2 358 0
29 59 2 6 0
28 61 2 358 0
27 63 2 344 0
27 64 2 329 0
25 74 2 331 0
25 77 2 330 0
25 69 3 346 0
25 71 1 8 0
24 72 2 33 0
23 81 2 297 0
23 86 1 328 0
22 90 1 144 0
23 83 2 43 0
24 78 3 47 0
26 66 2 80 0
26 63 2 34 0
27 59 2 346 0
29 50 2 70 0
30 52 2 101 0
29 49 2 356 0
29 49 2 106 0
28 55 3 85 0
27 61 3 82 0
26 63 2 63 0
26 67 2 89 0
25 72 2 84 0
25 74 2 87 0
24 76 3 81 0
23 81 1 76 0
22 82 1 95 0
22 83 1 34 0
22 84 1 94 0
22 87 1 39 0
21 89 1 321 0
23 86 1 298 0
25 70 2 82 0
26 64 2 72 0
27 55 2 38 0
28 51 2 115 0
28 45 2 79 0
29 42 2 66 0
29 45 2 351 0
28 48 2 48 0
28 49 3 91 0
28 47 2 47 0
27 47 2 10 0
26 47 2 40 0
25 55 2 5 0
24 60 2 42 0
24 65 2 62 0
23 72 2 96 0
23 70 1 93 0
22 73 1 39 0
21 79 1 249 0
21 83 1 280 0
20 83 1 307 0
20 85 2 314 0
20 84 2 298 0
21 83 2 304 0
22 80 2 316 0
24 61 2 21 0
25 64 1 277 0
26 55 2 249 0
27 42 2 202 0
29 39 3 75 0
28 44 2 99 0
27 47 2 54 0
25 53 2 96 0
24 57 1 11 0
23 63 1 94 0
21 74 1 250 0
21 73 1 263 0
20 80 1 200 0
20 84 1 191 0
19 86 1 333 0
19 84 1 285 0
19 87 1 216 0
20 82 1 199 0
22 75 1 198 0
24 66 1 208 0
26 54 2 193 0
26 55 1 214 0
28 47 2 190 0
29 45 2 268 0
30 42 1 100 0
30 45 2 59 0
28 51 2 53 0
27 55 2 359 0
27 49 2 9 0
26 52 2 349 0
26 54 2 335 0
26 57 2 336 0
25 66 3 344 0
24 69 3 345 0
24 68 2 340 0
24 70 2 324 0
23 69 2 326 0
23 70 2 332 0
23 74 1 316 0
23 73 2 285 0
23 75 2 307 0
23 65 3 328 0
22 76 2 305 0
22 78 2 270 0
22 76 2 309 0
23 72 2 275 0
24 67 3 314 0
24 65 2 347 0
24 65 2 328 0
23 63 2 326 0
22 62 2 347 0
22 63 2 336 0
22 65 3 332 0
21 71 2 327 0
19 79 1 257 0
19 81 1 249 0
19 79 1 234 0
18 81 1 295 0
18 84 1 306 0
18 81 2 303 0
17 84 1 321 0
18 85 1 306 0
18 82 2 320 0
21 73 1 343 0
23 54 1 47 0
23 46 1 11 0
23 48 1 271 0
25 44 2 352 0
26 41 1 212 0
27 38 2 116 0
27 41 2 102 0
26 39 2 115 0
25 45 3 356 0
24 45 2 16 0
23 46 2 55 0
23 46 2 70 0
23 48 1 49 0
21 54 1 339 0
21 58 1 69 0
21 59 1 89 0
21 63 1 348 0
20 65 1 333 0
20 70 1 307 0
20 69 1 100 0
20 72 1 346 0
20 74 1 315 0
20 75 2 296 0
22 66 1 246 0
22 67 2 189 0
22 69 1 231 0
20 82 1 218 0.1
20 81 1 255 0.3
20 84 1 246 0.6
20 87 1 236 0.3
19 90 1 230 0.4
19 92 1 222 0.7
19 92 1 211 0.6
18 94 1 204 0.8
18 92 1 293 0.2
17 94 1 243 1.1
17 94 1 275 3.3
17 94 1 235 4.9
17 96 1 319 5.9
17 96 2 306 2.7
17 97 1 257 2.5
17 98 2 333 4.2
18 98 1 327 5.1
18 98 2 310 2.2
18 98 1 321 0.3
18 98 1 23 1.9
19 96 2 51 1
19 94 1 93 0.2
19 95 2 107 0.4
18 94 2 111 0.6
20 86 2 77 0
20 82 2 66 0.1
20 82 2 57 0
21 81 1 107 0
21 81 1 118 0
20 81 1 154 0
19 87 1 310 0
19 88 1 291 0
19 89 2 284 0
20 89 2 282 0
19 92 2 302 0
19 93 2 272 0
19 93 2 300 0
19 93 1 296 0
19 92 2 289 0
19 92 1 317 0
19 93 2 317 0
19 93 1 317 0
19 93 2 312 0
20 91 1 325 0
21 87 2 324 0
23 74 3 341 0
23 73 2 325 0
24 67 2 329 0
25 58 3 331 0
26 47 3 329 0
27 43 3 9 0
26 46 3 6 0
24 56 2 359 0
22 64 2 337 0
22 68 1 301 0
21 72 2 335 0
22 72 1 317 0
21 76 1 303 0
20 83 1 198 0
19 87 1 343 0
19 88 1 344 0
19 88 1 284 0
18 92 1 199 0
18 93 1 256 0
18 93 1 190 0
19 92 0 0 0
22 77 1 288 0
22 76 2 296 0
23 73 1 311 0
25 61 1 353 0
25 60 1 341 0
26 58 1 185 0
26 58 1 126 0
26 54 1 296 0
26 55 1 20 0
26 55 2 13 0
25 55 2 20 0
24 52 1 354 0
23 53 1 341 0
22 62 2 312 0
22 62 1 316 0
21 73 1 290 0
20 76 1 300 0
19 76 1 320 0
19 79 1 276 0
19 82 1 346 0
18 86 1 200 0
18 86 1 282 0
18 87 2 299 0
19 83 1 308 0
21 76 1 254 0
23 70 1 65 0
23 69 2 307 0
25 61 1 181 0
25 58 1 135 0
25 59 1 253 0
25 57 1 202 0
25 60 1 261 0
25 60 1 303 0
25 55 1 62 0
24 62 1 29 0
23 69 1 321 0
21 74 1 67 0
21 78 1 321 0
21 77 1 309 0
20 80 1 336 0
20 78 1 338 0
20 81 1 72 0
20 83 1 292 0
20 83 1 290 0
20 82 1 297 0
20 83 1 320 0
20 85 1 318 0
20 85 1 314 0
21 80 1 320 0
22 79 2 311 0
24 72 2 57 0
25 66 2 49 0
22 80 1 192 0.1
22 84 1 182 0
21 84 1 214 0
21 87 1 199 0
21 84 2 207 0
20 83 1 206 0
20 85 1 201 0
20 86 1 211 0
20 88 1 274 0
19 91 1 227 0
19 92 1 229 0
19 93 0 0 0
20 92 0 0 0
21 88 1 207 0
23 81 1 163 0
24 73 1 86 0
25 67 2 84 0
26 62 1 196 0
26 59 2 70 0
26 59 2 77 0
26 62 2 87 0
25 65 2 87 0
24 67 2 87 0
24 68 2 88 0
23 72 3 71 0
23 71 2 83 0
23 74 3 76 0
23 77 1 93 0
23 78 1 123 0
22 81 1 100 0
22 81 1 96 0
22 83 1 110 0
22 79 2 129 0
22 83 3 170 0
21 87 2 167 0
21 87 2 153 0
22 81 2 148 0
22 78 2 142 0
24 73 2 103 0
25 72 2 115 0
25 71 2 98 0
24 72 2 89 0
25 74 2 114 0
24 75 2 175 0
24 76 2 192 0
24 75 1 115 0
24 78 1 160 0
23 81 1 111 0
23 83 1 99 0
23 85 1 239 0
23 86 1 260 0
22 86 1 226 0
22 89 2 216 0
22 90 1 239 0
22 87 2 243 0
22 90 2 209 0
22 89 2 222 0
22 91 2 313 0
21 95 1 333 1.4
21 96 2 290 0.7
21 96 1 184 4.1
22 96 1 218 2.2
22 96 1 219 1.5
22 94 2 223 0.3
23 94 1 307 0.4
23 87 2 339 0
23 85 1 340 0
24 81 2 326 0
23 87 1 303 0
25 73 1 282 0
23 84 2 302 0
22 84 2 290 0
22 82 2 310 0
21 87 1 313 0
21 88 2 310 0
21 87 1 292 0
20 91 2 287 0
20 93 1 261 0
20 94 1 307 0
20 94 1 204 0
19 95 1 211 0
20 96 0 0 0
23 79 2 299 0
24 73 1 295 0
24 72 1 264 0
21 94 2 39 0.2
21 91 0 0 0
22 92 1 285 0.2
22 90 2 307 0.1
22 87 2 304 0
22 93 1 75 0.3
22 91 1 283 0.1
22 90 1 302 0
22 91 2 301 0
21 94 1 194 0
21 94 1 220 0
20 96 1 271 0
20 96 1 310 0
21 93 1 297 0
21 94 2 344 0
21 93 2 328 0
21 93 2 325 0
21 94 2 318 0
21 94 2 293 0
21 95 2 327 0
21 93 2 350 0
22 88 2 19 0
22 83 3 21 0
23 73 3 359 0
24 67 2 8 0
25 55 3 5 0
27 56 3 345 0
26 53 2 15 0
27 50 2 48 0
28 48 2 96 0
27 46 2 64 0
27 51 2 352 0
26 56 2 357 0
24 65 2 350 0
24 70 2 54 0
23 76 2 95 0
23 80 2 99 0
22 85 1 116 0
21 86 1 84 0
21 89 1 27 0
20 92 1 304 0
20 92 1 314 0
20 92 1 343 0
19 94 2 305 0
19 95 1 318 0
20 93 1 329 0
21 90 2 328 0
22 83 2 330 0
24 65 2 37 0
25 54 3 39 0
26 53 2 23 0
27 47 2 42 0
27 49 2 53 0
27 45 3 352 0
27 47 2 12 0
26 51 3 12 0
25 55 2 349 0
24 61 2 34 0
23 66 3 84 0
23 70 2 87 0
22 72 1 68 0
22 65 2 79 0
21 73 1 32 0
20 75 1 0 0
19 81 2 312 0
19 85 2 311 0
20 86 2 316 0
20 86 2 315 0
20 86 1 322 0
21 84 3 331 0
21 84 2 1 0
23 80 2 27 0
23 77 2 0 0
23 82 2 358 0
23 79 2 354 0
23 85 2 332 0
23 81 2 49 0
23 87 2 25 0
22 94 1 311 0.5
22 96 2 354 1.7
22 96 2 26 3.5
22 96 3 20 4
22 96 3 18 3.8
22 96 2 14 6.1
21 96 3 357 1
21 97 2 1 3.9
22 96 2 0 0.4
22 97 3 28 3.4
22 96 2 23 0.4
22 97 2 12 1.5
22 97 3 26 4.2
22 96 2 19 2
22 96 2 35 0.5
22 96 2 42 2.6
22 96 2 34 0.1
23 96 3 32 0
23 94 3 60 0.3
23 92 3 41 0.3
23 92 3 48 0
23 95 3 26 0.8
23 96 2 53 3.3
23 94 3 53 0.2
23 95 3 58 0
23 96 3 50 1.4
24 95 4 65 1.3
24 96 2 26 1.3
24 95 3 54 0
24 96 2 57 0
24 96 2 54 2.1
24 97 2 80 2
24 97 2 104 0
24 97 2 71 0
24 97 1 150 0
24 97 1 74 0
24 97 2 90 0
24 97 1 171 0
26 92 1 178 0
26 93 2 153 0.2
26 93 1 127 0.5
27 87 2 98 0
27 82 2 146 0
28 78 1 138 0
28 81 2 139 0
28 80 1 155 0
27 84 1 120 0
26 91 1 114 0
27 85 2 163 0
27 86 1 185 0
26 87 1 211 0
26 87 1 206 0
26 88 1 233 0
25 88 1 189 0
25 90 2 222 0
25 94 2 220 0.5
24 93 2 208 0
25 89 3 212 0
24 90 2 203 0
24 89 3 332 0.3
21 93 3 322 2.4
21 77 2 316 0
21 71 4 321 0
22 65 3 310 0
22 59 3 336 0
21 61 2 296 0
21 58 3 336 0
20 62 2 298 0
19 63 2 337 0
19 61 2 317 0
17 66 1 225 0
17 67 1 318 0
16 71 2 330 0
15 74 1 266 0
15 74 0 0 0
15 70 1 229 0
14 79 1 219 0
14 83 2 213 0
13 83 1 232 0
25 43 1 145 0
26 43 2 114 0
27 40 2 121 0
27 38 2 104 0
28 36 2 102 0
28 38 1 92 0
26 41 2 64 0
25 47 2 47 0
23 53 1 359 0
23 57 1 70 0
21 65 1 12 0
21 67 1 342 0
20 73 2 309 0
20 76 1 299 0
19 78 2 311 0
21 77 2 310 0
22 79 2 317 0
22 80 2 313 0
21 91 1 103 0.1
21 93 2 63 0.6
20 94 2 58 0.4
19 93 3 44 0.1
19 94 1 36 0.3
18 93 2 13 0.2
19 93 2 328 0
19 89 2 31 0.1
18 91 2 333 0.3
18 93 2 336 0
18 93 2 12 0
18 93 2 342 0
18 97 2 344 0.4
18 96 2 358 0.6
18 96 2 354 0.1
18 96 3 349 0.5
18 96 2 4 0.3
18 96 1 346 0.3
18 96 2 347 0.2
18 97 2 345 0.7
18 96 2 37 0.4
18 96 1 306 0.4
18 96 1 55 0.1
18 96 1 298 0.2
18 97 1 300 0
18 97 1 296 0
18 97 1 320 0
18 97 1 307 0
18 97 2 293 0
18 97 1 311 0
18 97 1 320 0
18 97 2 18 0
19 97 1 323 0
19 97 1 335 0.2
19 97 0 0 0.2
20 95 1 165 0.1
21 91 2 112 0
21 88 1 39 0
21 89 2 81 0
21 91 1 42 0.2
20 94 2 73 0.1
19 94 2 85 0.1
19 96 1 83 0.5
19 96 1 76 0.1
19 95 1 63 0
19 95 1 111 0
19 95 1 81 0.1
19 95 1 140 0
19 96 1 103 0
19 96 1 320 0
19 96 0 0 0.1
19 97 1 151 0.5
19 96 1 119 0.4
19 96 1 136 0.7
19 96 1 124 0.1
20 95 2 102 0.6
20 95 1 114 0.6
20 94 2 123 0.3
21 93 1 120 0
21 92 2 114 0.3
21 93 2 118 0.3
21 89 1 114 0
21 90 2 109 0
21 92 2 101 0.4
21 93 2 130 0.4
20 94 2 96 1.4
20 97 2 98 0.4
20 97 1 84 0
20 97 1 335 0
20 97 1 300 0
20 97 1 323 0
20 98 2 352 0.1
20 97 1 342 0
19 97 2 333 0
19 97 2 345 0
19 96 2 356 0.1
20 94 2 355 0
19 95 3 342 0
19 95 3 332 0.1
19 94 3 349 0.3
19 96 2 336 1.1
19 96 2 337 0.7
18 96 3 1 0.6
19 96 3 17 0.1
18 96 2 354 0.2
18 96 1 338 0.1
18 96 3 41 0.7
18 97 2 334 1
18 95 2 341 0.2
18 93 3 17 0
18 94 2 13 0.5
17 95 2 304 0.1
17 96 1 316 0
17 96 1 287 0
17 96 1 324 0
17 96 1 308 0
17 96 2 321 0
17 94 1 327 0
17 93 1 319 0
17 94 1 334 0
19 84 2 300 0
20 77 2 321 0
21 74 2 298 0
22 67 2 316 0
23 60 2 32 0
23 57 2 343 0
22 61 2 343 0
22 62 1 346 0
21 67 2 291 0
20 75 1 273 0
19 81 0 0 0
19 79 2 298 0
18 83 1 155 0
18 83 1 299 0
19 79 2 299 0
18 82 1 258 0
17 87 0 0 0
17 87 0 0 0
17 92 1 176 0
16 94 1 317 0
16 95 1 315 0
16 96 1 316 0
16 96 1 242 0
17 96 2 216 0
18 94 2 201 0
19 86 2 229 0
21 72 3 184 0
22 66 2 194 0
23 56 2 289 0
23 57 1 325 0
24 49 2 232 0
23 55 1 292 0
21 60 1 258 0
20 48 1 278 0
20 51 2 318 0
21 44 2 307 0
19 52 2 314 0
19 58 2 337 0
19 49 2 332 0
18 47 2 334 0
17 53 2 300 0
16 58 2 312 0
16 59 2 297 0
15 64 1 274 0
14 67 2 301 0
14 69 1 273 0
15 78 1 329 0
16 65 1 298 0
19 41 1 9 0
20 44 1 296 0
22 47 1 108 0
22 38 1 309 0
23 34 2 336 0
24 36 2 326 0
24 34 2 250 0
24 37 1 270 0
21 51 1 243 0
19 50 1 316 0
19 55 1 335 0
18 64 0 0 0
18 59 0 0 0
16 67 1 335 0
16 70 1 318 0
15 72 1 316 0
14 80 1 309 0
14 79 1 308 0
14 87 2 223 0
13 87 2 207 0
13 87 1 296 0
13 88 2 222 0
13 90 1 236 0
15 78 1 206 0
18 65 1 42 0
20 44 1 314 0
22 37 2 4 0
23 31 2 337 0
23 32 3 357 0
23 33 2 353 0
23 30 2 2 0
22 32 2 356 0
21 35 2 39 0
20 43 2 12 0
19 44 1 6 0
18 44 1 315 0
16 52 1 297 0
15 55 1 205 0
11 82 1 211 0
11 76 1 276 0
12 79 1 221 0
15 70 2 195 0
17 61 2 175 0
19 54 2 165 0
21 40 2 172 0
23 28 2 187 0
23 29 2 47 0
24 28 2 60 0
23 30 2 30 0
22 34 2 59 0
21 37 2 79 0
20 40 1 75 0
19 47 1 301 0
18 52 0 0 0
18 56 1 206 0
17 59 1 199 0
16 57 1 320 0
16 60 1 201 0
15 67 1 343 0
15 69 1 235 0
15 75 1 183 0
14 76 1 190 0
14 79 2 206 0
15 76 1 247 0
16 76 1 213 0
18 65 1 202 0
20 53 2 164 0
21 52 2 194 0
23 38 2 167 0
24 41 1 144 0
24 31 2 116 0
24 34 2 33 0
23 37 1 72 0
23 34 2 63 0
21 40 2 67 0
20 56 1 44 0
19 64 1 80 0
18 71 1 345 0
18 76 1 298 0
17 77 1 299 0
16 83 1 314 0
16 81 1 311 0
15 89 2 208 0
14 90 1 225 0
14 91 1 228 0
13 92 1 314 0
13 93 1 309 0
14 94 1 229 0
18 72 2 207 0
20 61 1 218 0
22 56 1 206 0
24 46 1 160 0
25 42 2 109 0
25 40 2 152 0
25 38 2 133 0
25 41 2 132 0
23 50 1 33 0
21 58 1 84 0
20 59 1 37 0
20 65 1 159 0
19 72 1 222 0
18 77 1 325 0
18 82 1 321 0
16 91 0 0 0
15 93 0 0 0
15 93 2 200 0
14 93 1 227 0
14 93 2 212 0
15 93 2 205 0
15 93 1 199 0
17 84 1 327 0
19 74 1 148 0
21 68 1 102 0
23 58 1 109 0
24 52 2 109 0
25 48 2 135 0
26 44 2 111 0
26 48 2 39 0
25 52 2 80 0
24 51 2 90 0
22 53 2 101 0
21 67 2 102 0
20 69 1 166 0
19 71 1 74 0
19 68 1 47 0
19 72 1 60 0
18 79 1 49 0
17 83 2 318 0
17 86 1 317 0
16 89 2 313 0
16 91 1 327 0
15 93 1 325 0
15 94 1 313 0
18 87 2 324 0
20 78 2 324 0
21 71 2 71 0
23 59 2 43 0
24 50 2 125 0
24 49 2 61 0
24 46 2 116 0
24 47 3 50 0
24 47 3 103 0
23 52 2 59 0
22 43 2 66 0
20 50 1 78 0
20 55 2 84 0
19 60 2 73 0
18 68 1 75 0
17 77 1 77 0
17 79 1 109 0
17 83 1 0 0
16 84 2 321 0
15 89 1 315 0
15 91 1 309 0
14 93 1 325 0
15 88 1 320 0
17 82 1 300 0
19 72 1 18 0
21 65 3 54 0
23 58 1 120 0
23 54 3 57 0
23 49 2 74 0
24 49 3 86 0
24 52 2 105 0
23 48 2 43 0
22 55 3 96 0
21 60 2 91 0
20 62 2 90 0
20 63 1 77 0
19 70 2 86 0
19 74 1 81 0
18 80 1 349 0
17 83 1 332 0
17 87 2 295 0
16 87 1 301 0
15 90 2 318 0
16 89 2 308 0
15 90 2 321 0
15 92 1 330 0
15 92 1 302 0
18 80 1 343 0
20 70 2 74 0
22 65 1 89 0
22 62 1 137 0
23 57 2 122 0
23 55 2 80 0
24 52 1 98 0
23 50 2 81 0
23 48 2 61 0
22 50 2 57 0
21 59 1 89 0
21 65 2 105 0
20 68 1 81 0
19 73 1 103 0
19 72 2 44 0
18 77 1 96 0
17 83 0 0 0
17 87 1 299 0
16 89 1 315 0
16 91 2 308 0
16 93 2 335 0
15 93 2 323 0
16 91 2 311 0
16 91 2 311 0
17 86 2 311 0
19 78 1 338 0
22 67 2 80 0
23 59 2 87 0
24 57 2 96 0
24 57 2 80 0
24 57 2 86 0
24 55 2 67 0
24 57 3 89 0
23 70 3 108 0
22 71 3 87 0
21 66 2 85 0
21 73 2 73 0
20 80 1 80 0
20 81 1 72 0
20 83 1 52 0
19 85 1 15 0
19 88 1 309 0
18 90 2 314 0
18 94 1 333 0
17 94 2 314 0
17 94 2 307 0
17 94 2 307 0
18 94 2 318 0
19 89 1 309 0
21 77 2 42 0
23 69 2 96 0
24 61 2 122 0
25 58 2 86 0
25 56 2 78 0
25 53 2 103 0
25 50 3 95 0
24 47 2 101 0
22 59 2 98 0
21 67 2 76 0
21 71 2 93 0
20 77 2 83 0
19 78 1 156 0
25 57 2 98 0
25 51 2 93 0
24 56 2 71 0
23 58 2 83 0
22 70 2 102 0
21 77 2 82 0
21 81 1 85 0
20 83 2 86 0
20 84 1 96 0
20 87 1 78 0
20 88 1 56 0
19 92 2 294 0
18 93 2 305 0
18 94 2 302 0
18 93 1 302 0
19 91 1 298 0
20 88 1 304 0
21 81 1 326 0
22 75 1 314 0
24 68 2 127 0
23 69 1 138 0
23 71 1 103 0
22 72 2 83 0
21 78 1 97 0
21 79 1 50 0
21 76 2 119 0
21 79 1 7 0
20 82 1 195 0
20 87 1 216 0
19 88 1 244 0
19 92 1 343 0
19 91 1 316 0
19 91 1 320 0
19 94 1 185 0
19 94 0 0 0
20 87 1 40 0
21 83 1 204 0
24 73 1 94 0
26 66 2 150 0
27 61 2 58 0
26 64 2 48 0
26 63 2 64 0
25 65 2 86 0
24 63 2 71 0
24 62 2 47 0
24 58 2 65 0
24 59 2 79 0
23 64 2 125 0
25 61 2 142 0
27 56 2 167 0
28 55 2 167 0
19 52 1 204 0
19 50 1 248 0
19 53 1 66 0
19 55 2 64 0
18 56 2 77 0
18 57 2 88 0
18 57 2 105 0
17 56 1 136 0
17 58 1 116 0
17 63 1 15 0
16 68 1 68 0
16 67 0 0 0
16 72 2 310 0
16 64 2 359 0
16 67 2 326 0
15 83 3 356 0
15 89 2 4 0
14 95 2 324 2.7
14 94 2 316 0.4
14 95 2 330 0.7
14 90 2 325 0
16 71 2 3 0
16 69 3 358 0
16 72 2 352 0
16 72 2 5 0
16 70 2 12 0
16 65 2 9 0
16 68 2 20 0
15 63 2 24 0
15 64 2 40 0
14 62 3 24 0
14 68 2 23 0
13 70 1 7 0
13 68 2 25 0
13 71 3 353 0
13 71 2 354 0
13 70 2 343 0
14 69 2 351 0
14 63 2 22 0
15 61 2 38 0
15 60 2 47 0
16 60 1 67 0
16 59 2 4 0
16 58 1 29 0
16 60 1 101 0
16 59 2 52 0
15 60 2 7 0
15 61 1 344 0
15 65 2 331 0
14 67 2 314 0
13 77 1 270 0
12 83 2 287 0
12 88 2 311 0.3
12 89 1 307 0.4
11 92 2 291 0.4
11 91 2 291 1.4
11 93 1 295 1.7
11 95 1 300 1.4
11 95 2 314 1.9
11 95 2 299 0.6
11 95 2 312 0.3
11 96 2 319 1.2
11 94 1 295 0.2
12 92 2 313 0
12 88 1 313 0
12 88 2 303 0
12 88 1 271 0
12 88 1 308 0
12 89 1 298 0
11 91 2 240 0
10 94 2 232 0
9 94 1 221 0
9 95 1 298 0
8 96 1 307 0
8 97 1 291 0
8 97 1 273 0
8 97 1 305 0.2
9 98 1 319 0
12 82 2 216 0
14 74 1 213 0
15 66 1 3 0
17 45 2 283 0
17 48 1 131 0
15 62 1 275 0
13 67 1 106 0
13 67 1 96 0
13 64 1 72 0
12 69 1 179 0
11 80 1 247 0
10 86 1 344 0
10 84 1 258 0
9 90 1 207 0
9 93 1 192 0
9 94 1 189 0
8 94 1 226 0
8 95 1 299 0
8 95 2 211 0
12 83 2 205 0
18 61 2 99 0
14 88 1 57 0
13 93 2 195 0
13 93 1 164 0
13 93 1 186 0.1
12 78 2 321 0
12 78 2 355 0
11 79 2 338 0
11 79 2 330 0
11 80 2 348 0
11 78 3 339 0
11 77 2 327 0
11 74 2 326 0
11 72 2 305 0
11 76 2 280 0
10 74 2 289 0
10 76 1 314 0
10 78 2 287 0
10 75 2 307 0
10 76 1 294 0
10 77 2 293 0
10 79 2 336 0
10 78 2 352 0
11 77 1 318 0
12 71 2 334 0
12 68 2 329 0
13 62 2 309 0
15 55 2 22 0
15 56 2 79 0
15 57 2 59 0
15 54 2 86 0
14 58 2 82 0
14 62 1 117 0
12 79 1 349 0
12 82 1 290 0
11 81 2 300 0
11 85 1 308 0
10 90 1 345 0
11 88 2 313 0
12 72 2 71 0
12 74 2 79 0
12 79 1 59 0
12 79 1 313 0
14 68 1 66 0
15 64 2 107 0
15 62 2 101 0
15 65 2 88 0
16 64 1 111 0
16 64 2 52 0
16 65 2 98 0
16 67 2 60 0
14 85 1 350 0.1
13 91 2 304 0.6
13 91 2 308 0.1
13 94 2 329 0.1
13 94 2 306 0
13 95 2 318 0.1
13 96 2 323 0.2
13 95 2 313 0
13 95 3 305 0
13 95 2 315 0
13 96 2 322 0
13 95 2 300 0
13 96 1 6 0.2
13 96 2 319 0
13 96 2 313 0.1
13 95 2 17 1.7
13 90 1 39 0.1
14 89 1 24 0.1
13 92 1 34 0.9
13 91 2 65 0.3
14 92 2 77 0.6
14 94 1 23 1.1
13 95 1 26 1.8
13 95 1 40 2.2
13 95 1 111 1.3
13 95 1 125 1.6
13 96 0 0 2.8
13 97 1 123 2.4
13 97 1 318 1.9
13 97 1 209 1.5
13 97 2 311 0.6
13 97 2 316 0.9
13 97 1 330 2.1
13 97 1 316 0.9
13 97 1 269 0.6
13 97 1 351 0
13 97 1 328 0
13 97 1 268 0
14 95 1 308 0
15 88 2 314 0
15 88 1 347 0
15 81 2 301 0
16 80 1 329 0
16 82 1 326 0
16 81 2 351 0
15 82 2 309 0
15 81 2 316 0
15 82 2 316 0
14 85 1 311 0
14 88 1 279 0
14 84 1 275 0
14 85 2 354 0
14 86 1 300 0
13 94 1 315 0.8
13 94 1 335 0.1
13 95 2 6 0.1
13 94 1 350 0
12 94 1 341 0.8
12 95 1 351 2.2
12 95 1 8 0.5
12 95 1 310 0
13 86 1 36 0
14 80 1 47 0
14 81 1 237 0
15 79 1 231 0
15 77 1 151 0
15 77 1 180 0
15 78 1 194 0
15 79 1 251 0
15 85 1 228 0
14 87 1 269 0
14 88 1 204 0
14 90 1 234 0
14 90 1 302 0
14 91 1 171 0
14 91 0 0 0
14 93 1 233 0
14 92 1 150 0
14 85 2 148 0
14 87 2 176 0
14 89 1 219 0
13 92 0 0 0
12 94 1 33 0
13 94 0 0 0
14 93 0 0 0
16 83 1 358 0
16 78 1 97 0
18 73 2 77 0
19 70 2 64 0
20 68 1 215 0
20 67 2 68 0
21 68 2 91 0
20 71 2 47 0
19 76 1 90 0
18 77 1 120 0
17 82 1 72 0
16 86 1 11 0
16 90 1 309 0
15 93 1 271 0
15 93 1 339 0
16 93 2 323 0
15 95 2 337 0.5
15 96 2 175 1.1
16 97 2 202 2.3
16 98 3 216 0.4
16 97 1 202 0.2
16 97 1 342 0.1
16 97 0 0 0.2
17 96 1 180 0
18 93 2 149 0
19 90 1 88 0
19 91 2 322 0
19 90 2 349 0
19 89 2 34 0
18 89 2 334 0
17 89 2 32 0
17 90 2 1 0
17 93 2 43 0.1
16 95 2 32 1.7
16 94 2 31 1.5
15 93 2 5 0.2
15 93 2 353 0.3
15 95 1 342 1.4
15 96 2 1 1.4
15 96 1 350 1.9
15 96 3 71 2.4
15 96 2 354 0.3
15 95 2 0 1
14 94 3 12 0.8
14 96 2 12 0.8
14 95 1 343 0
14 93 3 54 0.3
15 92 2 50 0
15 89 1 85 0
15 90 1 81 0
15 94 1 17 0.4
15 95 2 2 1.1
15 95 2 12 3
14 96 2 0 2.4
14 95 2 355 0.6
14 96 2 357 4.5
14 97 2 336 7.8
14 97 3 339 7.7
14 97 2 330 10.1
15 97 2 323 10.8
15 98 2 318 1.8
15 98 2 310 0.5
15 98 2 343 0.1
15 98 2 321 1
15 98 2 318 0.9
15 98 2 319 0.6
15 98 2 318 0.4
15 98 2 324 0.3
15 98 2 333 0.4
15 98 2 338 0.5
15 98 2 346 0.3
15 97 2 318 0.3
15 97 2 70 1.7
15 96 3 347 0.2
15 93 2 345 0
15 91 3 359 0
15 91 2 350 0
14 95 2 10 0.4
14 96 2 8 0.6
14 94 2 22 0
14 94 2 348 0.1
14 90 2 54 0
14 89 2 19 0
14 89 2 46 0
14 88 1 19 0
14 88 2 64 0
13 88 2 43 0
13 91 2 11 0
13 84 1 34 0
13 80 2 56 0
13 87 1 115 0
12 92 2 190 0.2
12 92 1 311 0
13 92 1 129 0
13 87 1 85 0.2
14 87 1 18 0
14 86 1 169 0
14 86 1 83 0
14 87 1 99 0
14 87 1 98 0
14 87 1 50 0
14 88 2 30 0
13 90 0 0 0
14 92 1 40 0
14 93 1 315 0
13 96 1 347 0.1
13 97 2 33 0.4
13 97 1 20 0
13 97 1 2 0.1
13 96 2 39 0
13 97 2 36 0.1
13 97 2 21 0.2
13 98 2 19 0.2
13 97 1 23 0.1
13 97 3 4 0.1
12 96 2 344 1.2
12 97 2 15 2.2
12 97 1 30 1.3
13 97 1 35 1.3
13 95 2 59 0
13 95 1 22 0.3
13 95 2 26 0.3
13 95 2 29 0.8
13 95 2 45 0.5
13 95 2 21 0.2
13 95 1 125 0.2
14 94 1 119 0
14 95 1 343 0.2
13 96 2 14 0.3
13 97 2 5 1.2
13 97 1 351 0.9
13 97 1 30 0.3
13 97 2 345 0
13 97 2 327 0.2
13 98 1 331 0
13 98 2 347 0.6
14 98 1 328 0.7
14 98 2 329 0.1
14 98 2 311 0.1
14 98 2 320 0.2
14 98 2 302 0.1
14 98 2 323 0
14 98 2 326 0
14 98 0 0 0
14 98 2 318 0
14 98 1 185 0.3
15 98 1 154 0.1
15 98 1 211 0
15 98 2 318 0.2
15 97 2 319 1.2
15 98 2 320 0.1
15 98 1 311 0
15 98 1 241 0.3
15 98 0 0 0.9
15 98 1 313 0.1
15 98 1 355 0
15 98 1 274 0
15 98 1 357 0.3
15 98 1 318 0
15 98 1 351 0.1
15 98 1 328 0
15 98 1 336 0
16 99 1 50 0
16 99 1 138 0
17 99 1 346 0
17 98 1 43 0
17 98 1 319 0
17 97 1 26 0
18 96 0 0 0
17 95 1 326 0
17 96 1 312 0
17 96 1 307 0
17 97 0 0 0
17 97 1 310 0
17 97 1 341 0
17 97 1 338 0
17 97 1 186 0
17 97 2 184 0
17 97 1 120 0
17 97 3 316 0
17 96 2 334 0
17 97 2 329 0
16 97 2 343 0
17 93 2 350 0
17 87 3 313 0
17 83 3 359 0
16 85 3 345 0
16 84 3 349 0
16 84 3 357 0
16 85 2 0 0
15 87 2 341 0
15 88 3 329 0
14 94 2 346 0
14 93 2 344 0
14 90 2 354 0
14 91 2 341 0
14 94 2 2 0
14 91 2 329 0
14 91 2 325 0
14 89 2 13 0
14 88 2 350 0
14 91 2 340 0
14 95 1 325 0.2
14 94 2 34 0.2
13 94 3 33 0.6
13 92 1 27 0
14 91 1 99 0
13 93 2 339 0
13 95 2 321 0.4
13 95 2 339 0.9
13 94 2 37 0.2
13 92 1 0 0
13 94 2 18 0.1
13 93 2 12 0.1
12 95 2 9 0.1
12 95 3 341 0.3
11 95 4 340 1.4
11 94 3 348 1.2
9 93 3 343 0.7
6 90 4 330 1.8
6 91 3 334 2.2
5 92 4 323 2.4
5 93 3 335 1.2
5 93 3 336 0.8
5 93 1 335 0.3
5 93 2 338 0
6 85 3 353 0
5 86 3 342 0
5 85 4 353 0
5 90 2 349 0
6 82 2 349 0
6 79 2 4 0
6 77 3 345 0
6 78 2 356 0
6 79 2 322 0
6 81 2 323 0
5 87 1 271 0
5 90 2 338 0
6 80 3 349 0
5 79 2 333 0
4 82 2 346 0
5 70 3 339 0
6 60 3 306 0
5 66 3 337 0
3 57 2 328 0
3 59 3 305 0
3 58 3 298 0
7 34 3 326 0
