20.000000 96.000000 3.000000 346.000000 5.200000
22.000000 53.000000 1.000000 131.000000 0.000000
26.000000 74.000000 2.000000 47.000000 0.000000
25.000000 77.000000 2.000000 99.000000 0.000000
24.000000 96.000000 2.000000 345.000000 14.400000
25.000000 89.000000 2.000000 218.000000 0.000000
30.000000 67.000000 2.000000 264.000000 0.000000
27.000000 82.000000 2.000000 265.000000 1.000000
26.000000 83.000000 1.000000 196.000000 0.000000
27.000000 93.000000 2.000000 202.000000 0.000000
34.000000 56.000000 2.000000 278.000000 0.000000
33.000000 63.000000 3.000000 44.000000 0.000000
26.000000 74.000000 2.000000 207.000000 0.000000
26.000000 76.000000 3.000000 193.000000 0.000000
33.000000 44.000000 2.000000 32.000000 0.000000
